0	85.8, F	0.585	0.042	
0	270.9, F	0.607	0.083	
0	76.9, F	0.27	0.125	
0	91.8, F	0.406	0.167	
0	291.5, F	0.516	0.209	
0	10.7, F	0.65	0.250	
0	124.6, F	0.817	0.292	
0	195.8, F	0.404	0.334	
0	212.1, F	0.566	0.375	
0	297.6, F	0.88	0.417	
0	246.5, F	0.514	0.459	
0	88.0, F	0.496	0.500	
0	227.3, F	2.057	0.542	
0	57.2, F	2.127	0.584	
0	244.6, F	1.184	0.626	
0	124.3, F	0.79	0.667	
0	325.0, F	0.547	0.709	
0	98.1, F	0.354	0.751	
0	238.7, F	0.728	0.792	
0	82.0, F	0.831	0.834	
0	322.0, F	0.244	0.876	
0	3.3, F	0.331	0.918	
0	10.8, F	0.437	0.959	
0	38.7, F	0.92	1.001	
0	98.5, F	0.76	1.043	
0	76.5, F	0.12	1.084	
0	106.3, F	2.371	1.126	
0	41.6, F	0.689	1.168	
0	215.7, F	1.068	1.210	
0	None	0	1.251	0.04200000000000004
0	232.4, F	21.402	1.293	
0	232.7, F	1.007	1.335	
0	188.7, F	0.681	1.376	
0	229.0, F	0.641	1.418	
0	172.5, F	1.365	1.460	
0	172.0, F	1.114	1.502	
0	227.6, F	1.83	1.543	
0	125.2, F	0.925	1.585	
0	185.9, F	1.707	1.627	
0	197.0, F	0.798	1.668	
0	212.1, F	0.899	1.710	
0	169.7, F	1.349	1.752	
0	None	0	1.793	0.04200000000000004
0	193.5, F	0.886	1.835	
0	192.3, F	1.223	1.877	
0	187.6, F	1.001	1.919	
0	227.8, F	1.058	1.960	
0	196.4, F	0.446	2.002	
0	179.1, F	1.607	2.044	
0	254.9, F	0.743	2.085	
0	174.3, F	1.244	2.127	
0	200.3, F	1.429	2.169	
0	216.6, F	1.839	2.211	
0	206.0, F	0.574	2.252	
0	176.1, F	1.243	2.294	
0	262.4, F	1.105	2.336	
0	167.0, F	1.083	2.377	
0	225.6, F	1.326	2.419	
0	204.1, F	1.102	2.461	
0	173.5, F	0.878	2.502	
0	187.1, F	0.943	2.544	
0	197.9, F	1.016	2.586	
0	199.1, F	1.954	2.628	
0	174.3, F	0.582	2.669	
0	196.2, F	0.73	2.711	
0	222.5, F	0.372	2.753	
0	212.8, F	1.058	2.794	
0	162.1, F	0.54	2.836	
0	218.6, F	2.09	2.878	
0	88.5, F	0.117	2.920	
0	191.6, F	1.072	2.961	
0	225.4, F	1.144	3.003	
0	241.5, F	0.895	3.045	
0	192.5, F	1.269	3.086	
0	222.6, F	1.285	3.128	
0	180.4, F	0.706	3.170	
0	259.6, F	0.763	3.212	
0	223.9, F	1.172	3.253	
0	252.8, F	0.603	3.295	
0	167.8, F	0.912	3.337	
0	165.7, F	0.681	3.378	
0	261.5, F	1.375	3.420	
0	153.3, F	0.766	3.462	
0	250.3, F	1.212	3.503	
0	151.8, F	1.284	3.545	
0	208.0, F	1.066	3.587	
0	227.6, F	1.046	3.629	
0	221.8, F	0.623	3.670	
0	156.7, F	1.023	3.712	
0	226.8, F	0.899	3.754	
0	211.7, F	0.506	3.795	
0	206.1, F	1.134	3.837	
0	189.7, F	0.463	3.879	
0	309.8, F	0.187	3.921	
0	263.5, F	0.684	3.962	
0	177.2, F	0.802	4.004	
0	251.3, F	0.992	4.046	
0	232.8, F	1.577	4.087	
0	170.2, F	0.195	4.129	
0	224.8, F	1.027	4.171	
0	246.2, F	1.248	4.213	
0	242.3, F	0.789	4.254	
0	243.0, F	1.239	4.296	
0	229.0, F	1.312	4.338	
0	252.2, F	0.875	4.379	
0	197.6, F	0.586	4.421	
0	272.2, F	0.852	4.463	
0	249.6, F	0.623	4.505	
0	193.7, F	0.851	4.546	
0	266.3, F	0.86	4.588	
0	256.0, F	0.774	4.630	
0	200.7, F	0.728	4.671	
0	269.1, F	0.916	4.713	
0	234.1, F	1.041	4.755	
0	217.6, F	1.21	4.796	
0	252.7, F	1.882	4.838	
0	255.6, F	1.065	4.880	
0	220.8, F	1.093	4.922	
0	254.8, F	0.921	4.963	
0	206.9, F	1.004	5.005	
0	261.8, F	1.199	5.047	
0	252.6, F	1.272	5.088	
0	50.1, F	0.292	5.130	
0	270.4, F	1.741	5.172	
0	271.8, F	0.626	5.214	
0	194.3, F	0.893	5.255	
0	233.4, F	1.817	5.297	
0	273.7, F	1.626	5.339	
0	257.6, F	0.776	5.380	
0	283.7, F	0.415	5.422	
0	246.2, F	1.73	5.464	
0	272.6, F	0.872	5.505	
0	265.0, F	0.694	5.547	
0	261.0, F	1.856	5.589	
0	250.8, F	0.758	5.631	
0	328.2, F	0.288	5.672	
0	231.6, F	1.65	5.714	
0	257.0, F	1.384	5.756	
0	359.0, F	0.282	5.797	
0	266.9, F	1.249	5.839	
0	240.8, F	1.327	5.881	
0	235.3, F	1.948	5.923	
0	205.8, F	0.984	5.964	
0	258.8, F	1.494	6.006	
0	229.0, F	1.095	6.048	
0	267.0, F	1.855	6.089	
0	251.4, F	0.958	6.131	
0	281.4, F	1.034	6.173	
0	221.8, F	1.492	6.215	
0	284.4, F	0.886	6.256	
0	210.6, F	1.386	6.298	
0	247.0, F	0.449	6.340	
0	143.7, F	2.895	6.381	
0	175.0, F	0.991	6.423	
0	263.6, F	1.915	6.465	
0	225.6, F	1.068	6.506	
0	273.4, F	1.039	6.548	
0	256.3, F	1.498	6.590	
0	283.0, F	3.351	6.632	
0	229.0, F	0.936	6.673	
0	276.2, F	0.873	6.715	
0	259.7, F	2.155	6.757	
0	180.1, F	0.75	6.798	
0	242.9, F	1.155	6.840	
0	266.3, F	1.213	6.882	
0	232.4, F	1.494	6.924	
0	238.7, F	1.348	6.965	
0	231.6, F	2.12	7.007	
0	290.4, F	0.296	7.049	
0	253.2, F	1.258	7.090	
0	238.0, F	1.326	7.132	
0	263.2, F	1.335	7.174	
0	246.4, F	0.826	7.216	
0	242.3, F	1.783	7.257	
0	258.2, F	0.851	7.299	
0	235.9, F	1.117	7.341	
0	273.2, F	1.225	7.382	
0	263.1, F	1.672	7.424	
0	228.1, F	1.0	7.466	
0	270.2, F	1.876	7.507	
0	260.3, F	1.326	7.549	
0	237.0, F	0.808	7.591	
0	238.2, F	1.508	7.633	
0	259.4, F	0.431	7.674	
0	262.8, F	1.674	7.716	
0	226.9, F	0.971	7.758	
0	271.1, F	1.767	7.799	
0	252.6, F	1.326	7.841	
0	232.6, F	1.563	7.883	
0	206.1, F	0.804	7.925	
0	266.1, F	2.378	7.966	
0	245.9, F	1.683	8.008	
0	267.8, F	0.89	8.050	
0	251.1, F	0.99	8.091	
0	220.2, F	1.163	8.133	
0	262.0, F	1.961	8.175	
0	232.8, F	1.384	8.217	
0	196.2, F	0.361	8.258	
0	282.5, F	0.664	8.300	
0	239.7, F	2.521	8.342	
0	287.2, F	1.062	8.383	
0	243.1, F	1.89	8.425	
0	278.4, F	1.064	8.467	
0	266.8, F	1.255	8.508	
0	263.7, F	1.559	8.550	
0	19.3, F	9.424	8.592	
0	204.7, F	1.762	8.634	
0	81.6, F	0.294	8.675	
0	251.0, F	0.589	8.717	
0	105.0, F	0.403	8.759	
0	91.2, F	0.674	8.800	
0	241.4, F	0.19	8.842	
0	189.3, F	0.39	8.884	
0	6.8, F	0.582	8.926	
0	19.7, F	2.562	8.967	
0	226.5, F	20.69	9.009	
0	6.4, F	1.123	9.051	
0	175.3, F	0.479	9.092	
0	189.9, F	1.081	9.134	
0	252.3, F	1.505	9.176	
0	181.7, F	0.235	9.218	
0	181.6, F	1.825	9.259	
0	292.1, F	2.551	9.301	
0	122.0, F	1.242	9.343	
0	289.8, F	1.154	9.384	
0	275.5, F	2.107	9.426	
0	246.8, F	1.591	9.468	
0	283.2, F	1.099	9.509	
0	240.4, F	0.64	9.551	
0	242.1, F	1.741	9.593	
0	250.9, F	2.533	9.635	
0	211.3, F	1.232	9.676	
0	198.7, F	0.147	9.718	
0	289.2, F	1.628	9.760	
0	294.5, F	0.722	9.801	
0	259.7, F	1.576	9.843	
0	226.3, F	0.818	9.885	
0	226.0, F	1.941	9.927	
0	271.3, F	1.957	9.968	
0	268.2, F	1.268	10.010	
0	266.8, F	1.358	10.052	
0	220.5, F	1.014	10.093	
0	246.3, F	0.656	10.135	
0	262.9, F	2.26	10.177	
0	254.2, F	1.644	10.219	
0	45.7, F	0.169	10.260	
0	248.0, F	2.01	10.302	
0	183.6, F	1.505	10.344	
0	280.4, F	2.069	10.385	
0	205.9, F	1.728	10.427	
0	280.3, F	1.938	10.469	
0	271.4, F	1.803	10.511	
0	243.9, F	1.688	10.552	
0	246.2, F	0.659	10.594	
0	279.5, F	1.638	10.636	
0	215.3, F	1.466	10.677	
0	250.4, F	1.517	10.719	
0	259.9, F	1.559	10.761	
0	218.1, F	0.867	10.802	
0	264.2, F	1.975	10.844	
0	233.4, F	1.58	10.886	
0	219.6, F	0.84	10.928	
0	260.0, F	2.142	10.969	
0	228.1, F	1.086	11.011	
0	245.4, F	0.565	11.053	
0	202.4, F	0.322	11.094	
0	212.6, F	8.821	11.136	
0	283.5, F	1.247	11.178	
0	200.5, F	2.145	11.220	
0	259.4, F	1.598	11.261	
0	261.0, F	0.339	11.303	
0	264.0, F	1.645	11.345	
0	230.0, F	0.62	11.386	
0	262.1, F	1.654	11.428	
0	274.5, F	0.992	11.470	
0	289.0, F	1.472	11.511	
0	221.0, F	1.228	11.553	
0	307.6, F	1.154	11.595	
0	331.5, F	8.853	11.637	
0	143.7, F	0.438	11.678	
0	259.6, F	1.289	11.720	
0	170.2, F	0.808	11.762	
0	139.0, F	0.869	11.803	
0	214.1, F	0.558	11.845	
0	211.6, F	1.341	11.887	
0	63.1, F	0.429	11.929	
0	266.1, F	1.37	11.970	
0	256.8, F	0.211	12.012	
0	274.5, F	1.107	12.054	
0	267.8, F	0.681	12.095	
0	265.2, F	0.48	12.137	
0	279.4, F	1.061	12.179	
0	260.3, F	0.816	12.221	
0	297.2, F	0.348	12.262	
0	284.7, F	1.092	12.304	
0	313.5, F	0.825	12.346	
0	265.7, F	0.613	12.387	
0	288.7, F	0.536	12.429	
0	295.1, F	1.359	12.471	
0	268.3, F	0.729	12.512	
0	315.1, F	0.675	12.554	
0	340.2, F	1.51	12.596	
0	257.3, F	0.968	12.638	
0	337.7, F	1.646	12.679	
0	278.1, F	0.513	12.721	
0	289.6, F	0.855	12.763	
0	324.8, F	0.985	12.804	
0	3.3, F	0.401	12.846	
0	326.4, F	0.999	12.888	
0	296.3, F	1.797	12.930	
0	299.7, F	0.9	12.971	
0	312.5, F	2.28	13.013	
0	312.1, F	0.446	13.055	
0	355.5, F	1.355	13.096	
0	317.9, F	0.236	13.138	
0	345.1, F	0.923	13.180	
0	313.3, F	0.934	13.222	
0	351.5, F	1.65	13.263	
0	313.0, F	0.634	13.305	
0	324.1, F	1.625	13.347	
0	303.2, F	0.392	13.388	
0	357.0, F	1.217	13.430	
0	351.8, F	1.235	13.472	
0	350.2, F	1.313	13.513	
0	328.5, F	0.391	13.555	
0	344.6, F	1.555	13.597	
0	42.3, F	0.923	13.639	
0	343.0, F	1.656	13.680	
0	29.3, F	0.702	13.722	
0	335.8, F	1.895	13.764	
0	8.1, F	0.948	13.805	
0	357.6, F	0.828	13.847	
0	0.9, F	1.008	13.889	
0	329.7, F	0.971	13.931	
0	311.0, F	2.233	13.972	
0	349.5, F	1.608	14.014	
0	350.1, F	0.84	14.056	
0	351.5, F	1.22	14.097	
0	353.5, F	1.36	14.139	
0	349.3, F	1.411	14.181	
0	23.7, F	0.627	14.223	
0	357.5, F	1.709	14.264	
0	17.2, F	0.956	14.306	
0	23.5, F	0.876	14.348	
0	327.2, F	0.511	14.389	
0	349.0, F	1.67	14.431	
0	27.6, F	0.686	14.473	
0	338.3, F	1.91	14.514	
0	320.0, F	1.481	14.556	
0	355.4, F	1.396	14.598	
0	45.0, F	0.683	14.640	
0	5.8, F	1.575	14.681	
0	45.5, F	0.772	14.723	
0	332.7, F	1.632	14.765	
0	36.7, F	0.84	14.806	
0	324.7, F	1.492	14.848	
0	3.0, F	1.301	14.890	
0	35.5, F	0.577	14.932	
0	13.7, F	2.017	14.973	
0	355.6, F	0.858	15.015	
0	329.0, F	1.472	15.057	
0	11.8, F	1.625	15.098	
0	4.7, F	1.237	15.140	
0	355.7, F	1.24	15.182	
0	359.3, F	1.52	15.224	
0	32.4, F	0.509	15.265	
0	341.5, F	1.636	15.307	
0	305.8, F	0.308	15.349	
0	319.8, F	1.447	15.390	
0	359.6, F	1.035	15.432	
0	7.5, F	1.42	15.474	
0	56.3, F	0.541	15.515	
0	4.9, F	1.629	15.557	
0	50.9, F	0.797	15.599	
0	348.3, F	1.763	15.641	
0	344.8, F	0.622	15.682	
0	334.3, F	1.879	15.724	
0	24.3, F	0.717	15.766	
0	25.7, F	0.815	15.807	
0	357.9, F	1.549	15.849	
0	21.1, F	0.616	15.891	
0	278.4, F	0.839	15.933	
0	346.4, F	1.752	15.974	
0	6.0, F	1.574	16.016	
0	38.5, F	0.732	16.058	
0	281.0, F	0.571	16.099	
0	352.6, F	1.404	16.141	
0	336.3, F	1.385	16.183	
0	339.2, F	1.482	16.225	
0	61.9, F	1.051	16.266	
0	330.6, F	1.504	16.308	
0	60.8, F	0.881	16.350	
0	329.5, F	1.546	16.391	
0	355.6, F	1.274	16.433	
0	24.8, F	0.371	16.475	
0	339.1, F	1.262	16.517	
0	342.8, F	1.465	16.558	
0	11.5, F	1.749	16.600	
0	355.4, F	0.606	16.642	
0	5.0, F	0.746	16.683	
0	335.4, F	1.185	16.725	
0	11.7, F	1.69	16.767	
0	327.2, F	2.169	16.808	
0	57.5, F	0.993	16.850	
0	357.0, F	0.341	16.892	
0	342.4, F	1.594	16.934	
0	347.5, F	1.612	16.975	
0	49.1, F	0.789	17.017	
0	330.8, F	0.464	17.059	
0	344.9, F	1.766	17.100	
0	38.0, F	0.972	17.142	
0	335.4, F	1.925	17.184	
0	26.1, F	0.853	17.226	
0	315.0, F	0.992	17.267	
0	9.5, F	0.786	17.309	
0	351.2, F	1.867	17.351	
0	347.5, F	0.638	17.392	
0	348.3, F	0.59	17.434	
0	7.8, F	1.792	17.476	
0	311.3, F	0.738	17.517	
0	24.7, F	0.512	17.559	
0	3.7, F	1.83	17.601	
0	26.9, F	0.784	17.643	
0	326.8, F	0.931	17.684	
0	358.0, F	1.776	17.726	
0	4.7, F	1.093	17.768	
0	30.9, F	1.164	17.809	
0	343.9, F	0.742	17.851	
0	351.5, F	0.671	17.893	
0	18.4, F	0.988	17.935	
0	351.1, F	1.093	17.976	
0	19.6, F	1.057	18.018	
0	25.1, F	0.844	18.060	
0	18.5, F	0.65	18.101	
0	325.4, F	1.547	18.143	
0	349.5, F	1.052	18.185	
0	335.8, F	0.924	18.227	
0	68.9, F	0.851	18.268	
0	340.2, F	0.614	18.310	
0	2.1, F	1.36	18.352	
0	148.3, F	1.242	18.393	
0	266.5, F	0.743	18.435	
0	159.2, F	0.548	18.477	
0	163.1, F	0.541	18.518	
0	32.0, F	0.366	18.560	
0	167.6, F	0.523	18.602	
0	42.5, F	0.289	18.644	
0	281.7, F	0.826	18.685	
0	183.3, F	0.699	18.727	
0	14.2, F	0.236	18.769	
0	10.6, F	0.24	18.810	
0	301.0, F	0.262	18.852	
0	280.2, F	0.187	18.894	
0	151.1, F	0.798	18.936	
0	231.7, F	0.205	18.977	
0	237.3, F	0.226	19.019	
0	94.3, F	0.47	19.061	
0	239.2, F	0.268	19.102	
0	350.7, F	0.717	19.144	
0	226.2, F	0.266	19.186	
0	92.4, F	0.548	19.228	
0	239.7, F	0.292	19.269	
0	259.3, F	0.285	19.311	
0	88.2, F	0.322	19.353	
0	262.4, F	0.474	19.394	
0	82.8, F	0.238	19.436	
0	348.0, F	32.229	19.478	
0	352.3, F	1.073	19.520	
0	22.6, F	1.508	19.561	
0	353.8, F	1.319	19.603	
0	359.6, F	0.291	19.645	
0	351.5, F	1.598	19.686	
0	358.6, F	0.443	19.728	
0	359.1, F	1.672	19.770	
0	35.4, F	0.743	19.811	
0	9.3, F	1.884	19.853	
0	44.8, F	0.788	19.895	
0	345.1, F	0.624	19.937	
0	352.2, F	1.388	19.978	
0	13.7, F	0.316	20.020	
0	9.2, F	0.928	20.062	
0	29.2, F	1.044	20.103	
0	6.3, F	0.127	20.145	
0	1.2, F	1.518	20.187	
0	277.9, F	0.197	20.229	
0	354.9, F	0.838	20.270	
0	331.1, F	1.816	20.312	
0	33.5, F	1.394	20.354	
0	311.2, F	1.969	20.395	
0	14.6, F	1.225	20.437	
0	265.8, F	0.784	20.479	
0	0.5, F	1.098	20.520	
0	20.2, F	0.896	20.562	
0	356.1, F	1.789	20.604	
0	353.2, F	0.398	20.646	
0	292.2, F	0.32	20.687	
0	343.2, F	0.746	20.729	
0	292.1, F	0.638	20.771	
0	356.9, F	1.214	20.812	
0	8.1, F	0.749	20.854	
0	356.0, F	0.428	20.896	
0	342.5, F	1.338	20.938	
0	354.9, F	0.784	20.979	
0	314.9, F	0.367	21.021	
0	14.1, F	0.917	21.063	
0	281.6, F	0.823	21.104	
0	237.5, F	0.236	21.146	
0	329.5, F	1.574	21.188	
0	258.4, F	0.268	21.230	
0	349.7, F	0.307	21.271	
0	314.4, F	1.94	21.313	
0	1.8, F	0.22	21.355	
0	208.4, F	0.292	21.396	
0	229.5, F	0.488	21.438	
0	352.8, F	0.46	21.480	
0	210.9, F	0.998	21.521	
0	138.0, F	0.414	21.563	
0	211.1, F	0.655	21.605	
0	172.2, F	2.368	21.647	
0	195.5, F	1.33	21.688	
0	135.7, F	0.115	21.730	
0	36.2, F	0.923	21.772	
0	238.7, F	0.962	21.813	
0	172.2, F	0.79	21.855	
0	157.3, F	0.414	21.897	
0	85.2, F	0.506	21.939	
0	217.0, F	0.982	21.980	
0	143.5, F	2.056	22.022	
0	63.0, F	0.231	22.064	
0	199.0, F	0.252	22.105	
0	197.7, F	0.842	22.147	
0	181.0, F	0.339	22.189	
0	136.5, F	2.319	22.231	
0	241.4, F	0.793	22.272	
0	180.5, F	0.746	22.314	
0	146.5, F	0.382	22.356	
0	134.3, F	2.406	22.397	
0	244.3, F	1.055	22.439	
0	71.0, F	0.456	22.481	
0	156.0, F	2.766	22.523	
0	228.2, F	0.637	22.564	
0	145.7, F	2.181	22.606	
0	208.7, F	0.416	22.648	
0	112.5, F	0.364	22.689	
0	163.8, F	1.697	22.731	
0	218.7, F	1.237	22.773	
0	123.5, F	0.5	22.814	
0	181.5, F	2.063	22.856	
0	172.7, F	0.774	22.898	
0	163.1, F	1.195	22.940	
0	191.9, F	1.411	22.981	
0	151.4, F	1.493	23.023	
0	183.7, F	1.503	23.065	
0	212.6, F	0.572	23.106	
0	187.7, F	1.504	23.148	
0	210.3, F	0.933	23.190	
0	166.3, F	1.177	23.232	
0	172.8, F	1.554	23.273	
0	197.0, F	1.697	23.315	
0	158.4, F	0.669	23.357	
0	169.4, F	0.994	23.398	
0	197.4, F	1.764	23.440	
0	157.1, F	1.395	23.482	
0	222.7, F	1.136	23.523	
0	151.0, F	2.039	23.565	
0	175.6, F	1.302	23.607	
0	212.1, F	0.266	23.649	
0	179.5, F	1.506	23.690	
0	181.1, F	1.576	23.732	
0	225.3, F	0.619	23.774	
0	145.5, F	2.512	23.815	
0	187.5, F	1.268	23.857	
0	221.6, F	0.776	23.899	
0	158.8, F	1.929	23.941	
0	189.4, F	1.782	23.982	
0	166.6, F	0.741	24.024	
0	188.7, F	2.25	24.066	
0	106.5, F	0.748	24.107	
0	171.4, F	1.604	24.149	
0	181.0, F	0.684	24.191	
0	171.1, F	2.347	24.233	
0	147.7, F	4.053	24.274	
0	241.2, F	1.13	24.316	
0	241.3, F	0.648	24.358	
0	99.8, F	1.159	24.399	
0	202.7, F	0.348	24.441	
0	148.0, F	1.611	24.483	
0	190.0, F	0.791	24.524	
0	168.2, F	1.989	24.566	
0	150.0, F	2.022	24.608	
0	187.9, F	0.439	24.650	
0	197.4, F	0.633	24.691	
0	184.7, F	1.905	24.733	
0	202.8, F	0.934	24.775	
0	207.8, F	0.994	24.816	
0	158.3, F	0.851	24.858	
0	150.8, F	2.422	24.900	
0	193.6, F	1.671	24.942	
0	173.1, F	1.591	24.983	
0	187.3, F	0.703	25.025	
0	153.7, F	1.389	25.067	
0	183.3, F	1.692	25.108	
0	163.0, F	1.099	25.150	
0	170.9, F	1.68	25.192	
0	167.6, F	1.972	25.234	
0	176.4, F	1.143	25.275	
0	167.3, F	1.664	25.317	
0	173.6, F	0.802	25.359	
0	162.6, F	0.966	25.400	
0	176.1, F	1.636	25.442	
0	174.9, F	1.96	25.484	
0	164.6, F	0.707	25.525	
0	157.7, F	0.7	25.567	
0	173.3, F	0.8	25.609	
0	167.5, F	1.93	25.651	
0	170.1, F	1.124	25.692	
0	157.1, F	1.652	25.734	
0	168.8, F	1.052	25.776	
0	169.4, F	1.771	25.817	
0	157.0, F	1.436	25.859	
0	183.0, F	1.805	25.901	
0	164.1, F	0.649	25.943	
0	163.1, F	1.986	25.984	
0	130.3, F	2.166	26.026	
0	245.4, F	0.557	26.068	
0	179.6, F	1.414	26.109	
0	170.8, F	1.559	26.151	
0	171.9, F	0.48	26.193	
0	159.7, F	1.69	26.235	
0	203.1, F	0.825	26.276	
0	130.4, F	2.417	26.318	
0	174.5, F	1.727	26.360	
0	150.4, F	0.606	26.401	
0	133.7, F	1.396	26.443	
0	199.1, F	1.218	26.485	
0	154.6, F	0.528	26.526	
0	172.1, F	2.028	26.568	
0	212.7, F	1.158	26.610	
0	162.8, F	1.044	26.652	
0	148.7, F	1.363	26.693	
0	185.0, F	1.74	26.735	
0	216.0, F	1.009	26.777	
0	151.8, F	1.396	26.818	
0	189.4, F	1.778	26.860	
0	226.3, F	1.236	26.902	
0	173.8, F	0.883	26.944	
0	155.5, F	1.159	26.985	
0	165.4, F	1.317	27.027	
0	206.0, F	1.897	27.069	
0	205.9, F	0.485	27.110	
0	178.3, F	1.805	27.152	
0	184.5, F	0.618	27.194	
0	176.9, F	1.995	27.236	
0	173.4, F	1.252	27.277	
0	199.2, F	0.753	27.319	
0	177.3, F	1.826	27.361	
0	205.1, F	0.914	27.402	
0	155.4, F	0.497	27.444	
0	223.4, F	0.98	27.486	
0	171.7, F	1.633	27.527	
0	199.4, F	1.027	27.569	
0	211.1, F	1.143	27.611	
0	186.1, F	0.876	27.653	
0	198.9, F	0.813	27.694	
0	178.4, F	1.852	27.736	
0	204.4, F	1.065	27.778	
0	123.1, F	2.185	27.819	
0	167.1, F	0.748	27.861	
0	203.8, F	0.632	27.903	
0	223.9, F	1.617	27.945	
0	194.2, F	1.512	27.986	
0	198.9, F	1.51	28.028	
0	133.9, F	0.645	28.070	
0	197.7, F	1.708	28.111	
0	190.3, F	0.944	28.153	
0	188.9, F	1.261	28.195	
0	197.9, F	1.461	28.237	
0	187.3, F	1.464	28.278	
0	269.0, F	1.164	28.320	
0	191.4, F	1.178	28.362	
0	208.4, F	1.364	28.403	
0	197.5, F	1.317	28.445	
0	284.7, F	1.181	28.487	
0	201.1, F	2.066	28.528	
0	218.6, F	1.142	28.570	
0	198.2, F	0.785	28.612	
0	191.7, F	1.145	28.654	
0	249.3, F	1.926	28.695	
0	212.7, F	1.151	28.737	
0	222.7, F	0.907	28.779	
0	218.4, F	1.787	28.820	
0	147.9, F	0.288	28.862	
0	207.6, F	1.913	28.904	
0	250.8, F	0.741	28.946	
0	181.4, F	1.39	28.987	
0	211.5, F	0.94	29.029	
0	190.1, F	0.804	29.071	
0	225.8, F	0.549	29.112	
0	229.8, F	0.602	29.154	
0	346.3, F	0.43	29.196	
0	213.8, F	1.958	29.238	
0	273.5, F	0.505	29.279	
0	228.1, F	2.246	29.321	
0	182.5, F	0.659	29.363	
0	240.0, F	0.807	29.404	
0	194.8, F	0.645	29.446	
0	270.4, F	0.986	29.488	
0	265.5, F	19.8	29.529	
0	None	0	29.571	0.04199999999999804
0	88.6, F	0.973	29.613	
0	None	0	29.655	0.04100000000000037
0	265.2, F	0.25	29.696	
0	258.8, F	0.248	29.738	
0	257.9, F	0.21	29.780	
0	347.4, F	0.983	29.821	
0	264.8, F	0.188	29.863	
0	91.1, F	0.767	29.905	
0	266.1, F	0.576	29.947	
0	258.1, F	0.826	29.988	
0	139.0, F	0.253	30.030	
0	146.3, F	0.387	30.072	
0	147.1, F	0.367	30.113	
0	1.2, F	0.662	30.155	
0	175.5, F	0.334	30.197	
0	198.9, F	0.328	30.239	
0	353.2, F	0.678	30.280	
0	213.3, F	0.503	30.322	
0	217.7, F	0.438	30.364	
0	334.2, F	0.655	30.405	
0	115.7, F	0.853	30.447	
0	212.4, F	0.41	30.489	
0	342.3, F	0.645	30.530	
0	226.0, F	0.16	30.572	
0	220.8, F	0.174	30.614	
0	97.8, F	0.641	30.656	
0	340.5, F	0.958	30.697	
0	250.6, F	0.314	30.739	
0	99.4, F	0.57	30.781	
0	247.3, F	0.337	30.822	
0	249.8, F	0.345	30.864	
0	100.7, F	0.672	30.906	
0	246.7, F	0.331	30.948	
0	233.2, F	0.337	30.989	
0	40.8, F	1.043	31.031	
0	236.1, F	0.353	31.073	
0	233.4, F	0.302	31.114	
0	256.5, F	27.451	31.156	
0	275.9, F	0.92	31.198	
0	216.1, F	1.267	31.240	
0	79.0, F	1.205	31.281	
0	214.3, F	0.736	31.323	
0	25.1, F	0.379	31.365	
0	170.5, F	0.831	31.406	
0	351.9, F	0.538	31.448	
0	85.6, F	1.204	31.490	
0	236.5, F	0.46	31.531	
0	287.7, F	0.244	31.573	
0	60.9, F	0.529	31.615	
0	272.1, F	0.472	31.657	
0	313.3, F	0.29	31.698	
0	73.6, F	0.628	31.740	
0	211.2, F	0.981	31.782	
0	261.1, F	0.499	31.823	
0	270.2, F	0.278	31.865	
0	75.4, F	0.926	31.907	
0	304.8, F	0.254	31.949	
0	251.0, F	0.476	31.990	
0	123.3, F	0.227	32.032	
0	210.4, F	1.089	32.074	
0	77.3, F	0.3	32.115	
0	298.8, F	0.557	32.157	
0	51.8, F	0.41	32.199	
0	257.4, F	30.125	32.241	
0	252.1, F	1.081	32.282	
0	227.2, F	2.945	32.324	
0	259.3, F	1.172	32.366	
0	237.3, F	1.639	32.407	
0	191.3, F	0.555	32.449	
0	284.6, F	0.892	32.491	
0	244.9, F	1.526	32.532	
0	243.1, F	1.529	32.574	
0	262.9, F	0.649	32.616	
0	237.2, F	1.562	32.658	
0	219.4, F	1.831	32.699	
0	217.8, F	0.572	32.741	
0	263.8, F	1.524	32.783	
0	180.2, F	0.481	32.824	
0	237.2, F	2.473	32.866	
0	60.3, F	0.418	32.908	
0	239.5, F	2.948	32.950	
0	210.6, F	1.241	32.991	
0	210.9, F	1.072	33.033	
0	231.2, F	1.415	33.075	
0	357.3, F	0.439	33.116	
0	226.0, F	1.742	33.158	
0	222.6, F	1.544	33.200	
0	169.1, F	0.386	33.242	
0	218.1, F	2.632	33.283	
0	237.7, F	1.151	33.325	
0	245.4, F	1.544	33.367	
0	212.5, F	1.302	33.408	
0	261.0, F	0.798	33.450	
0	208.7, F	0.519	33.492	
0	226.2, F	2.54	33.533	
0	239.0, F	1.095	33.575	
0	241.3, F	1.134	33.617	
0	211.8, F	1.935	33.659	
0	242.4, F	1.219	33.700	
0	230.3, F	2.453	33.742	
0	252.7, F	0.788	33.784	
0	220.1, F	1.893	33.825	
0	223.1, F	0.786	33.867	
0	242.4, F	0.98	33.909	
0	198.6, F	0.848	33.951	
0	205.9, F	1.835	33.992	
0	233.6, F	1.189	34.034	
0	237.8, F	1.508	34.076	
0	178.2, F	0.868	34.117	
0	206.9, F	2.171	34.159	
0	224.0, F	1.528	34.201	
0	215.0, F	1.382	34.243	
0	230.2, F	1.849	34.284	
0	243.1, F	0.526	34.326	
0	234.0, F	1.304	34.368	
0	259.9, F	0.531	34.409	
0	201.4, F	1.313	34.451	
0	187.7, F	1.223	34.493	
0	224.1, F	1.479	34.535	
0	225.8, F	1.414	34.576	
0	224.7, F	1.498	34.618	
0	226.4, F	1.557	34.660	
0	270.5, F	1.122	34.701	
0	232.9, F	1.427	34.743	
0	214.2, F	2.086	34.785	
0	245.0, F	1.08	34.826	
0	237.8, F	0.477	34.868	
0	194.3, F	1.321	34.910	
0	220.2, F	1.48	34.952	
0	215.1, F	1.227	34.993	
0	202.7, F	1.213	35.035	
0	225.6, F	1.701	35.077	
0	256.3, F	1.21	35.118	
0	195.3, F	1.359	35.160	
0	228.1, F	1.607	35.202	
0	226.7, F	1.298	35.244	
0	236.8, F	0.93	35.285	
0	266.1, F	0.725	35.327	
0	199.9, F	0.959	35.369	
0	238.1, F	1.411	35.410	
0	225.1, F	2.093	35.452	
0	221.2, F	0.61	35.494	
0	227.4, F	1.65	35.535	
0	226.3, F	1.632	35.577	
0	268.0, F	1.059	35.619	
0	193.8, F	0.856	35.661	
0	216.6, F	2.081	35.702	
0	261.3, F	1.391	35.744	
0	232.8, F	1.372	35.786	
0	236.7, F	1.306	35.827	
0	198.4, F	0.342	35.869	
0	215.6, F	1.28	35.911	
0	234.1, F	1.648	35.953	
0	188.3, F	0.632	35.994	
0	244.9, F	0.932	36.036	
0	199.4, F	1.403	36.078	
0	227.4, F	1.648	36.119	
0	300.0, F	0.961	36.161	
0	213.0, F	1.166	36.203	
0	195.0, F	0.784	36.245	
0	270.2, F	1.055	36.286	
0	262.5, F	0.771	36.328	
0	221.6, F	0.891	36.370	
0	260.8, F	1.283	36.411	
0	188.9, F	0.685	36.453	
0	270.8, F	0.952	36.495	
0	213.6, F	1.579	36.536	
0	293.5, F	0.406	36.578	
0	257.7, F	1.102	36.620	
0	239.4, F	0.778	36.662	
0	179.4, F	0.886	36.703	
0	253.8, F	0.923	36.745	
0	198.8, F	0.859	36.787	
0	266.2, F	0.959	36.828	
0	219.5, F	0.616	36.870	
0	276.1, F	0.747	36.912	
0	197.7, F	0.392	36.954	
0	216.4, F	0.915	36.995	
0	168.0, F	0.621	37.037	
0	188.5, F	1.114	37.079	
0	283.1, F	0.651	37.120	
0	217.4, F	1.6	37.162	
0	322.8, F	0.43	37.204	
0	159.8, F	1.057	37.246	
0	251.0, F	1.11	37.287	
0	276.0, F	0.344	37.329	
0	115.3, F	0.334	37.371	
0	243.6, F	1.245	37.412	
0	212.5, F	0.946	37.454	
0	187.7, F	0.307	37.496	
0	230.0, F	0.9	37.538	
0	None	0	37.579	0.04200000000000159
0	229.9, F	0.595	37.621	
0	225.0, F	1.487	37.663	
0	235.7, F	0.654	37.704	
0	262.5, F	0.468	37.746	
0	248.8, F	1.12	37.788	
0	202.1, F	1.165	37.829	
0	159.9, F	0.289	37.871	
0	3.7, F	0.172	37.913	
0	269.5, F	0.607	37.955	
0	246.5, F	0.832	37.996	
0	166.2, F	0.414	38.038	
0	168.3, F	0.727	38.080	
0	None	0	38.121	0.041999999999994486
0	200.5, F	0.499	38.163	
0	187.4, F	0.667	38.205	
0	277.8, F	0.257	38.247	
0	286.0, F	0.229	38.288	
0	273.3, F	0.362	38.330	
0	66.4, F	0.67	38.372	
0	321.2, F	0.484	38.413	
0	265.9, F	0.494	38.455	
0	25.2, F	0.822	38.497	
0	12.0, F	0.965	38.538	
0	300.9, F	0.779	38.580	
0	64.1, F	0.361	38.622	
0	87.1, F	0.157	38.664	
0	357.3, F	0.441	38.705	
0	5.9, F	0.983	38.747	
0	326.4, F	1.291	38.789	
0	61.3, F	3.957	38.830	
0	60.3, F	1.0	38.872	
0	50.7, F	0.346	38.914	
0	10.9, F	0.763	38.956	
0	303.4, F	0.278	38.997	
0	47.1, F	1.284	39.039	
0	358.0, F	0.679	39.081	
0	7.5, F	1.176	39.122	
0	110.5, F	0.106	39.164	
0	309.9, F	1.178	39.206	
0	30.3, F	1.308	39.248	
0	6.5, F	1.029	39.289	
0	67.2, F	0.183	39.331	
0	339.9, F	0.865	39.373	
0	19.0, F	1.773	39.414	
0	352.7, F	0.459	39.456	
0	F	0.472	39.498	
0	345.5, F	0.976	39.539	
0	40.1, F	1.294	39.581	
0	329.1, F	0.837	39.623	
0	331.8, F	0.715	39.665	
0	12.2, F	1.349	39.706	
0	60.2, F	0.417	39.748	
0	70.8, F	1.099	39.790	
0	358.7, F	1.081	39.831	
0	359.8, F	0.973	39.873	
0	22.2, F	1.143	39.915	
0	347.7, F	0.884	39.957	
0	52.3, F	1.183	39.998	
0	63.8, F	0.68	40.040	
0	341.3, F	0.93	40.082	
0	342.9, F	0.591	40.123	
0	44.3, F	0.56	40.165	
0	20.7, F	1.154	40.207	
0	44.5, F	0.939	40.249	
0	340.1, F	0.39	40.290	
0	5.6, F	1.079	40.332	
0	12.3, F	0.833	40.374	
0	67.0, F	0.88	40.415	
0	354.6, F	1.027	40.457	
0	359.8, F	0.633	40.499	
0	57.8, F	0.625	40.541	
0	37.1, F	1.456	40.582	
0	221.7, F	0.334	40.624	
0	10.5, F	1.422	40.666	
0	83.2, F	0.279	40.707	
0	318.5, F	1.01	40.749	
0	29.3, F	1.48	40.791	
0	271.0, F	0.221	40.832	
0	40.0, F	0.999	40.874	
0	2.5, F	0.348	40.916	
0	3.5, F	1.281	40.958	
0	358.3, F	0.851	40.999	
0	7.9, F	0.623	41.041	
0	38.7, F	0.64	41.083	
0	339.0, F	1.318	41.124	
0	20.1, F	1.328	41.166	
0	272.6, F	0.507	41.208	
0	44.6, F	0.825	41.250	
0	7.1, F	1.471	41.291	
0	64.0, F	0.417	41.333	
0	40.6, F	1.136	41.375	
0	31.4, F	0.522	41.416	
0	29.7, F	1.374	41.458	
0	353.7, F	0.888	41.500	
0	14.7, F	0.768	41.541	
0	32.2, F	0.78	41.583	
0	71.5, F	1.119	41.625	
0	27.0, F	1.201	41.667	
0	345.5, F	0.887	41.708	
0	1.9, F	0.82	41.750	
0	30.2, F	0.984	41.792	
0	55.8, F	1.208	41.833	
0	26.2, F	1.413	41.875	
0	34.0, F	0.122	41.917	
0	6.2, F	1.0	41.959	
0	37.1, F	0.901	42.000	
0	2.5, F	1.929	42.042	
0	3.5, F	0.91	42.084	
0	49.1, F	0.99	42.125	
0	21.4, F	1.009	42.167	
0	92.9, F	1.564	42.209	
0	52.6, F	1.564	42.251	
0	40.3, F	0.257	42.292	
0	7.7, F	0.763	42.334	
0	70.9, F	0.41	42.376	
0	19.6, F	0.681	42.417	
0	337.7, F	0.869	42.459	
0	77.3, F	0.808	42.501	
0	328.6, F	0.681	42.542	
0	113.5, F	0.183	42.584	
0	50.8, F	0.236	42.626	
0	45.3, F	0.625	42.668	
0	299.1, F	1.17	42.709	
0	89.8, F	1.166	42.751	
0	279.2, F	0.952	42.793	
0	310.1, F	0.441	42.834	
0	353.0, F	0.572	42.876	
0	281.0, F	0.541	42.918	
0	282.8, F	0.945	42.960	
0	342.4, F	0.858	43.001	
0	265.9, F	0.84	43.043	
0	258.9, F	0.553	43.085	
0	62.9, F	0.156	43.126	
0	0.8, F	0.809	43.168	
0	245.5, F	0.833	43.210	
0	314.3, F	1.113	43.252	
0	311.2, F	1.02	43.293	
0	293.8, F	0.526	43.335	
0	283.0, F	1.21	43.377	
0	24.3, F	0.836	43.418	
0	279.6, F	1.27	43.460	
0	356.0, F	0.907	43.502	
0	333.2, F	0.586	43.544	
0	274.2, F	1.313	43.585	
0	338.2, F	0.827	43.627	
0	283.0, F	1.204	43.669	
0	39.7, F	1.116	43.710	
0	274.4, F	1.182	43.752	
0	338.3, F	0.44	43.794	
0	339.7, F	0.993	43.835	
0	None	0	43.877	0.041999999999994486
0	337.2, F	0.588	43.919	
0	261.7, F	0.904	43.961	
0	339.8, F	0.65	44.002	
0	335.3, F	1.156	44.044	
0	285.1, F	1.207	44.086	
0	208.5, F	0.596	44.127	
0	344.0, F	1.081	44.169	
0	298.3, F	0.464	44.211	
0	339.8, F	0.347	44.253	
0	103.4, F	1.036	44.294	
0	355.7, F	0.997	44.336	
0	None	0	44.378	0.04099999999999682
0	11.6, F	0.13	44.419	
0	182.9, F	0.798	44.461	
0	338.9, F	0.389	44.503	
0	342.9, F	0.361	44.544	
0	329.6, F	0.639	44.586	
0	209.5, F	0.558	44.628	
0	109.5, F	0.755	44.670	
0	16.2, F	0.459	44.711	
0	215.2, F	0.314	44.753	
0	343.7, F	0.728	44.795	
0	156.8, F	0.107	44.836	
0	131.2, F	0.179	44.878	
0	None	0	44.920	0.04200000000000159
0	103.3, F	0.2	44.962	
0	336.3, F	2.893	45.003	
0	188.1, F	0.355	45.045	
0	354.2, F	0.667	45.087	
0	177.1, F	0.219	45.128	
0	99.3, F	0.469	45.170	
0	103.8, F	0.744	45.212	
0	347.6, F	0.76	45.254	
0	210.3, F	0.151	45.295	
0	1.5, F	0.271	45.337	
0	18.2, F	0.34	45.379	
0	160.5, F	0.465	45.420	
0	34.2, F	0.377	45.462	
0	144.4, F	0.13	45.504	
0	160.2, F	0.878	45.545	
0	211.6, F	1.072	45.587	
0	88.8, F	0.519	45.629	
0	322.3, F	0.302	45.671	
0	61.0, F	0.904	45.712	
0	2.9, F	0.661	45.754	
0	139.3, F	0.15	45.796	
0	130.5, F	0.153	45.837	
0	67.1, F	0.131	45.879	
0	273.4, F	0.868	45.921	
0	64.4, F	0.215	45.963	
0	78.8, F	0.325	46.004	
0	74.8, F	0.275	46.046	
0	276.5, F	0.684	46.088	
0	33.6, F	0.253	46.129	
0	39.5, F	0.275	46.171	
0	163.0, F	0.75	46.213	
0	4.6, F	0.199	46.255	
0	44.7, F	0.29	46.296	
0	275.0, F	0.797	46.338	
0	81.0, F	0.217	46.380	
0	92.4, F	0.193	46.421	
0	95.7, F	0.241	46.463	
0	115.4, F	0.343	46.505	
0	260.5, F	0.818	46.547	
0	126.7, F	0.241	46.588	
0	127.7, F	0.227	46.630	
0	172.1, F	0.322	46.672	
0	351.2, F	0.679	46.713	
0	200.5, F	0.357	46.755	
0	205.9, F	0.29	46.797	
0	216.4, F	0.594	46.838	
0	349.0, F	0.625	46.880	
0	199.7, F	0.499	46.922	
0	64.5, F	1.048	46.964	
0	195.5, F	0.634	47.005	
0	339.5, F	0.377	47.047	
0	9.2, F	0.419	47.089	
0	195.6, F	0.501	47.130	
0	6.2, F	0.353	47.172	
0	174.3, F	0.591	47.214	
0	19.5, F	0.356	47.256	
0	44.9, F	0.518	47.297	
0	200.5, F	1.141	47.339	
0	72.2, F	0.523	47.381	
0	225.9, F	0.49	47.422	
0	122.7, F	1.216	47.464	
0	2.9, F	0.175	47.506	
0	207.3, F	0.369	47.547	
0	169.9, F	0.888	47.589	
0	144.5, F	1.213	47.631	
0	178.8, F	0.625	47.673	
0	136.3, F	0.339	47.714	
0	167.6, F	0.978	47.756	
0	146.7, F	0.36	47.798	
0	181.7, F	1.622	47.839	
0	190.1, F	0.285	47.881	
0	170.0, F	0.975	47.923	
0	139.9, F	1.094	47.965	
0	129.9, F	0.257	48.006	
0	192.0, F	1.35	48.048	
0	141.3, F	1.58	48.090	
0	144.6, F	0.347	48.131	
0	201.3, F	1.504	48.173	
0	160.0, F	1.873	48.215	
0	178.7, F	1.27	48.257	
0	176.7, F	1.497	48.298	
0	185.5, F	1.086	48.340	
0	195.6, F	1.152	48.382	
0	147.6, F	1.521	48.423	
0	184.7, F	1.379	48.465	
0	195.9, F	0.725	48.507	
0	190.8, F	1.4	48.548	
0	195.8, F	0.488	48.590	
0	152.0, F	1.776	48.632	
0	183.5, F	1.1	48.674	
0	188.1, F	1.41	48.715	
0	189.1, F	2.031	48.757	
0	192.4, F	1.221	48.799	
0	161.2, F	0.902	48.840	
0	197.8, F	1.922	48.882	
0	177.0, F	1.12	48.924	
0	179.7, F	1.109	48.966	
0	177.9, F	1.467	49.007	
0	198.5, F	0.923	49.049	
0	192.5, F	1.18	49.091	
0	193.0, F	1.339	49.132	
0	170.7, F	1.893	49.174	
0	227.6, F	1.624	49.216	
0	171.5, F	1.454	49.258	
0	242.0, F	1.159	49.299	
0	200.1, F	1.832	49.341	
0	197.8, F	0.778	49.383	
0	217.9, F	1.289	49.424	
0	202.3, F	1.266	49.466	
0	211.3, F	1.75	49.508	
0	195.3, F	1.724	49.550	
0	194.2, F	0.813	49.591	
0	222.4, F	1.402	49.633	
0	210.4, F	1.705	49.675	
0	196.1, F	1.392	49.716	
0	234.3, F	1.387	49.758	
0	204.7, F	1.753	49.800	
0	190.7, F	0.81	49.841	
0	231.4, F	1.328	49.883	
0	218.9, F	1.192	49.925	
0	205.0, F	0.98	49.967	
0	206.0, F	2.252	50.008	
0	218.1, F	1.318	50.050	
0	238.6, F	0.804	50.092	
0	202.8, F	1.491	50.133	
0	224.8, F	2.046	50.175	
0	245.9, F	0.633	50.217	
0	210.5, F	1.386	50.259	
0	241.9, F	1.978	50.300	
0	225.7, F	1.065	50.342	
0	219.7, F	0.957	50.384	
0	219.8, F	1.779	50.425	
0	213.3, F	1.659	50.467	
0	214.2, F	1.709	50.509	
0	242.7, F	1.041	50.550	
0	209.3, F	1.765	50.592	
0	251.8, F	1.216	50.634	
0	216.2, F	1.742	50.676	
0	237.3, F	0.958	50.717	
0	213.3, F	1.903	50.759	
0	237.3, F	1.174	50.801	
0	209.0, F	2.043	50.842	
0	233.1, F	1.351	50.884	
0	219.6, F	1.372	50.926	
0	215.3, F	1.607	50.968	
0	214.2, F	1.744	51.009	
0	257.5, F	1.089	51.051	
0	218.6, F	1.528	51.093	
0	224.6, F	1.322	51.134	
0	221.1, F	1.333	51.176	
0	229.5, F	1.342	51.218	
0	234.8, F	1.757	51.260	
0	239.5, F	1.844	51.301	
0	220.7, F	1.127	51.343	
0	235.4, F	1.078	51.385	
0	230.4, F	2.681	51.426	
0	215.9, F	0.382	51.468	
0	229.0, F	1.91	51.510	
0	270.1, F	1.761	51.551	
0	227.2, F	1.287	51.593	
0	238.0, F	1.228	51.635	
0	221.1, F	1.921	51.677	
0	261.5, F	1.56	51.718	
0	214.5, F	1.487	51.760	
0	222.4, F	1.289	51.802	
0	243.0, F	1.879	51.843	
0	235.1, F	1.116	51.885	
0	248.7, F	1.164	51.927	
0	223.7, F	1.845	51.969	
0	235.9, F	2.008	52.010	
0	213.7, F	1.297	52.052	
0	268.0, F	0.937	52.094	
0	241.5, F	1.408	52.135	
0	223.6, F	1.648	52.177	
0	238.2, F	2.423	52.219	
0	277.4, F	1.4	52.261	
0	232.3, F	1.86	52.302	
0	264.2, F	1.164	52.344	
0	241.0, F	1.434	52.386	
0	218.7, F	1.415	52.427	
0	283.2, F	1.471	52.469	
0	214.3, F	1.873	52.511	
0	262.8, F	1.069	52.552	
0	238.9, F	1.624	52.594	
0	259.7, F	1.871	52.636	
0	219.6, F	1.614	52.678	
0	228.6, F	1.695	52.719	
0	239.5, F	1.688	52.761	
0	241.8, F	0.794	52.803	
0	258.1, F	1.055	52.844	
0	238.5, F	1.465	52.886	
0	248.2, F	1.521	52.928	
0	238.6, F	1.937	52.970	
0	242.2, F	0.926	53.011	
0	274.3, F	0.438	53.053	
0	244.7, F	1.986	53.095	
0	223.7, F	1.639	53.136	
0	276.9, F	1.648	53.178	
0	222.4, F	1.66	53.220	
0	269.3, F	1.625	53.262	
0	260.7, F	1.732	53.303	
0	230.2, F	1.378	53.345	
0	258.4, F	1.5	53.387	
0	224.6, F	1.118	53.428	
0	248.7, F	1.127	53.470	
0	233.2, F	2.025	53.512	
0	273.4, F	1.868	53.553	
0	241.3, F	1.431	53.595	
0	238.1, F	2.059	53.637	
0	239.1, F	1.376	53.679	
0	261.5, F	1.453	53.720	
0	222.3, F	1.02	53.762	
0	264.8, F	2.065	53.804	
0	231.5, F	1.397	53.845	
0	250.6, F	0.54	53.887	
0	248.7, F	2.357	53.929	
0	261.1, F	1.575	53.971	
0	234.9, F	1.446	54.012	
0	267.9, F	1.832	54.054	
0	238.8, F	1.515	54.096	
0	270.5, F	1.365	54.137	
0	253.9, F	1.665	54.179	
0	224.7, F	1.124	54.221	
0	248.1, F	1.054	54.263	
0	278.2, F	1.17	54.304	
0	239.1, F	2.193	54.346	
0	291.8, F	0.941	54.388	
0	216.5, F	1.919	54.429	
0	260.3, F	1.56	54.471	
0	232.8, F	1.781	54.513	
0	218.3, F	0.939	54.554	
0	259.7, F	1.344	54.596	
0	214.3, F	1.634	54.638	
0	15.5, F	7.148	54.680	
0	None	0	54.721	
0	None	0	54.763	
0	None	0	54.805	
0	None	0	54.846	
0	None	0	54.888	
0	None	0	54.930	
0	None	0	54.972	
0	None	0	55.013	
0	None	0	55.055	
0	None	0	55.097	
0	None	0	55.138	
0	None	0	55.180	
0	None	0	55.222	
0	None	0	55.264	0.5840000000000032
0	212.3, F	34.578	55.305	
0	149.2, F	0.913	55.347	
0	240.0, F	1.34	55.389	
0	198.8, F	2.157	55.430	
0	227.6, F	0.818	55.472	
0	179.8, F	0.943	55.514	
0	221.1, F	2.017	55.555	
0	193.8, F	2.087	55.597	
0	65.5, F	0.337	55.639	
0	219.2, F	2.635	55.681	
0	214.7, F	1.199	55.722	
0	204.8, F	1.424	55.764	
0	183.0, F	1.481	55.806	
0	207.1, F	1.21	55.847	
0	221.9, F	2.269	55.889	
0	203.6, F	1.089	55.931	
0	188.6, F	1.188	55.973	
0	208.7, F	1.777	56.014	
0	200.5, F	2.128	56.056	
0	80.4, F	0.925	56.098	
0	210.5, F	2.336	56.139	
0	201.3, F	1.738	56.181	
0	153.6, F	0.421	56.223	
0	180.3, F	1.904	56.265	
0	203.1, F	1.815	56.306	
0	225.5, F	1.257	56.348	
0	186.2, F	1.131	56.390	
0	178.2, F	1.74	56.431	
0	222.2, F	2.616	56.473	
0	127.9, F	1.164	56.515	
0	216.5, F	2.457	56.556	
0	158.6, F	1.212	56.598	
0	225.5, F	1.993	56.640	
0	179.5, F	0.709	56.682	
0	191.7, F	1.902	56.723	
0	233.7, F	1.831	56.765	
0	203.4, F	2.405	56.807	
0	207.1, F	2.394	56.848	
0	153.1, F	1.071	56.890	
0	218.1, F	2.296	56.932	
0	230.3, F	1.846	56.974	
0	177.1, F	1.691	57.015	
0	184.6, F	1.828	57.057	
0	210.6, F	1.859	57.099	
0	170.1, F	0.584	57.140	
0	198.6, F	2.477	57.182	
0	233.1, F	1.561	57.224	
0	169.5, F	2.231	57.266	
0	232.2, F	1.778	57.307	
0	186.1, F	1.45	57.349	
0	192.6, F	1.524	57.391	
0	232.1, F	1.851	57.432	
0	193.7, F	1.602	57.474	
0	205.5, F	1.933	57.516	
0	217.4, F	0.962	57.557	
0	224.5, F	1.58	57.599	
0	186.9, F	1.692	57.641	
0	223.5, F	2.002	57.683	
0	211.9, F	1.792	57.724	
0	212.2, F	0.916	57.766	
0	180.6, F	1.296	57.808	
0	196.4, F	2.013	57.849	
0	229.0, F	1.58	57.891	
0	197.8, F	2.01	57.933	
0	159.9, F	0.482	57.975	
0	194.4, F	2.495	58.016	
0	234.1, F	1.276	58.058	
0	176.8, F	2.638	58.100	
0	240.7, F	1.905	58.141	
0	195.1, F	1.768	58.183	
0	240.1, F	0.412	58.225	
0	188.5, F	1.932	58.267	
0	228.2, F	1.098	58.308	
0	192.9, F	2.181	58.350	
0	241.0, F	1.289	58.392	
0	180.7, F	2.147	58.433	
0	207.1, F	1.865	58.475	
0	233.2, F	2.453	58.517	
0	221.5, F	1.141	58.558	
0	185.6, F	1.916	58.600	
0	220.1, F	2.317	58.642	
0	173.9, F	0.564	58.684	
0	219.9, F	1.034	58.725	
0	233.0, F	2.169	58.767	
0	188.0, F	1.531	58.809	
0	208.7, F	2.318	58.850	
0	206.5, F	1.375	58.892	
0	191.2, F	1.717	58.934	
0	238.3, F	1.7	58.976	
0	185.0, F	1.245	59.017	
0	203.5, F	1.583	59.059	
0	217.4, F	0.394	59.101	
0	217.8, F	1.695	59.142	
0	249.2, F	1.073	59.184	
0	201.9, F	1.498	59.226	
0	224.7, F	2.423	59.268	
0	201.8, F	0.749	59.309	
0	216.5, F	1.438	59.351	
0	211.6, F	1.564	59.393	
0	204.3, F	1.445	59.434	
0	240.9, F	0.595	59.476	
0	222.8, F	1.681	59.518	
0	215.0, F	1.136	59.559	
0	211.8, F	0.821	59.601	
0	249.7, F	1.335	59.643	
0	181.4, F	1.566	59.685	
0	234.8, F	0.535	59.726	
0	206.5, F	1.6	59.768	
0	179.6, F	1.415	59.810	
0	227.3, F	0.358	59.851	
0	218.3, F	1.512	59.893	
0	171.2, F	0.834	59.935	
0	215.3, F	0.776	59.977	
0	255.2, F	1.325	60.018	
0	133.1, F	1.068	60.060	
0	261.4, F	0.51	60.102	
0	233.4, F	0.804	60.143	
0	182.7, F	1.438	60.185	
0	266.0, F	1.149	60.227	
0	107.3, F	0.097	60.269	
0	224.9, F	2.037	60.310	
0	172.5, F	0.153	60.352	
0	203.8, F	0.66	60.394	
0	283.7, F	1.0	60.435	
0	241.0, F	0.308	60.477	
0	233.8, F	0.949	60.519	
0	272.6, F	0.701	60.560	
0	253.5, F	0.334	60.602	
0	230.7, F	0.978	60.644	
0	223.0, F	1.201	60.686	
0	266.9, F	1.52	60.727	
0	195.7, F	0.37	60.769	
0	312.9, F	1.183	60.811	
0	227.8, F	0.425	60.852	
0	270.5, F	0.772	60.894	
0	281.9, F	0.335	60.936	
0	293.9, F	0.638	60.978	
0	26.6, F	0.21	61.019	
0	357.7, F	0.396	61.061	
0	61.5, F	4.748	61.103	
0	30.1, F	0.124	61.144	
0	66.6, F	0.369	61.186	
0	329.7, F	0.468	61.228	
0	101.9, F	0.863	61.270	
0	41.0, F	0.252	61.311	
0	44.5, F	0.738	61.353	
0	359.2, F	0.945	61.395	
0	44.6, F	0.777	61.436	
0	60.1, F	0.565	61.478	
0	41.2, F	0.852	61.520	
0	11.2, F	0.739	61.561	
0	16.8, F	1.613	61.603	
0	64.0, F	1.057	61.645	
0	42.2, F	1.095	61.687	
0	23.7, F	0.364	61.728	
0	48.7, F	0.335	61.770	
0	31.9, F	1.008	61.812	
0	331.0, F	0.991	61.853	
0	42.8, F	0.848	61.895	
0	355.3, F	1.905	61.937	
0	40.7, F	1.239	61.979	
0	358.0, F	1.37	62.020	
0	54.6, F	1.943	62.062	
0	None	0	62.104	0.04100000000000392
0	26.3, F	1.265	62.145	
0	7.9, F	0.994	62.187	
0	51.3, F	1.222	62.229	
0	31.7, F	2.041	62.271	
0	50.7, F	1.04	62.312	
0	40.0, F	1.022	62.354	
0	64.3, F	1.803	62.396	
0	0.5, F	2.067	62.437	
0	7.6, F	1.468	62.479	
0	64.5, F	0.741	62.521	
0	11.3, F	1.583	62.562	
0	51.9, F	1.104	62.604	
0	15.0, F	2.033	62.646	
0	31.6, F	1.785	62.688	
0	51.4, F	1.121	62.729	
0	20.0, F	1.649	62.771	
0	15.2, F	2.053	62.813	
0	43.7, F	1.73	62.854	
0	5.8, F	1.836	62.896	
0	59.5, F	1.611	62.938	
0	36.1, F	1.657	62.980	
0	40.7, F	1.913	63.021	
0	64.1, F	1.216	63.063	
0	15.2, F	1.94	63.105	
0	30.4, F	1.391	63.146	
0	28.4, F	1.777	63.188	
0	66.3, F	2.131	63.230	
0	28.1, F	1.665	63.272	
0	14.9, F	1.913	63.313	
0	9.3, F	1.397	63.355	
0	47.2, F	0.901	63.397	
0	7.7, F	1.907	63.438	
0	29.4, F	1.697	63.480	
0	63.3, F	1.076	63.522	
0	19.7, F	2.326	63.563	
0	60.5, F	2.053	63.605	
0	8.1, F	1.968	63.647	
0	37.4, F	1.709	63.689	
0	340.5, F	0.639	63.730	
0	36.7, F	2.628	63.772	
0	12.2, F	1.453	63.814	
0	72.1, F	1.636	63.855	
0	358.6, F	1.834	63.897	
0	35.3, F	1.062	63.939	
0	37.7, F	2.338	63.981	
0	8.5, F	1.024	64.022	
0	33.7, F	1.997	64.064	
0	25.1, F	2.071	64.106	
0	29.8, F	1.208	64.147	
0	47.0, F	1.758	64.189	
0	350.9, F	0.651	64.231	
0	0.8, F	2.207	64.273	
0	16.4, F	2.035	64.314	
0	47.2, F	1.816	64.356	
0	33.0, F	0.701	64.398	
0	25.7, F	2.375	64.439	
0	20.8, F	1.936	64.481	
0	26.8, F	1.168	64.523	
0	25.7, F	1.894	64.564	
0	38.1, F	0.875	64.606	
0	13.6, F	0.989	64.648	
0	25.1, F	2.32	64.690	
0	72.9, F	1.095	64.731	
0	18.7, F	1.727	64.773	
0	57.9, F	1.168	64.815	
0	12.6, F	2.042	64.856	
0	3.6, F	1.401	64.898	
0	70.1, F	0.922	64.940	
0	8.7, F	1.966	64.982	
0	56.5, F	1.919	65.023	
0	350.8, F	1.532	65.065	
0	34.9, F	1.932	65.107	
0	0.2, F	0.584	65.148	
0	24.2, F	1.126	65.190	
0	19.9, F	1.365	65.232	
0	41.5, F	1.89	65.274	
0	357.4, F	1.877	65.315	
0	12.1, F	1.16	65.357	
0	59.9, F	1.708	65.399	
0	27.3, F	1.683	65.440	
0	52.4, F	0.461	65.482	
0	4.3, F	1.791	65.524	
0	64.1, F	1.238	65.566	
0	11.1, F	1.914	65.607	
0	65.8, F	1.446	65.649	
0	43.9, F	1.208	65.691	
0	10.6, F	0.931	65.732	
0	7.4, F	1.404	65.774	
0	353.4, F	1.621	65.816	
0	73.1, F	1.749	65.857	
0	351.6, F	1.884	65.899	
0	17.3, F	1.369	65.941	
0	34.7, F	1.759	65.983	
0	72.1, F	0.38	66.024	
0	350.6, F	1.428	66.066	
0	28.4, F	2.183	66.108	
0	48.9, F	1.171	66.149	
0	22.0, F	1.103	66.191	
0	333.4, F	1.39	66.233	
0	27.2, F	1.928	66.275	
0	46.6, F	0.555	66.316	
0	10.5, F	1.948	66.358	
0	355.9, F	1.149	66.400	
0	24.9, F	1.743	66.441	
0	72.8, F	1.748	66.483	
0	1.8, F	1.906	66.525	
0	38.5, F	1.024	66.566	
0	358.2, F	0.972	66.608	
0	8.7, F	1.247	66.650	
0	18.8, F	1.885	66.692	
0	5.6, F	0.418	66.733	
0	15.1, F	2.09	66.775	
0	84.4, F	1.515	66.817	
0	350.6, F	1.283	66.858	
0	42.7, F	1.773	66.900	
0	346.3, F	1.657	66.942	
0	68.7, F	1.692	66.984	
0	346.8, F	2.045	67.025	
0	65.0, F	1.537	67.067	
0	347.0, F	0.754	67.109	
0	345.5, F	0.92	67.150	
0	357.2, F	1.267	67.192	
0	13.7, F	1.466	67.234	
0	359.0, F	1.29	67.276	
0	43.0, F	1.039	67.317	
0	19.8, F	1.594	67.359	
0	352.4, F	0.31	67.401	
0	337.4, F	1.355	67.442	
0	47.2, F	0.844	67.484	
0	324.5, F	1.462	67.526	
0	7.6, F	1.657	67.567	
0	42.3, F	1.012	67.609	
0	1.9, F	0.711	67.651	
0	345.3, F	1.889	67.693	
0	8.8, F	1.15	67.734	
0	344.7, F	1.04	67.776	
0	8.6, F	1.458	67.818	
0	308.1, F	0.604	67.859	
0	20.9, F	1.306	67.901	
0	0.2, F	0.646	67.943	
0	353.8, F	0.551	67.985	
0	310.3, F	0.594	68.026	
0	349.2, F	1.861	68.068	
0	297.6, F	0.516	68.110	
0	340.1, F	2.134	68.151	
0	279.4, F	0.928	68.193	
0	321.0, F	2.335	68.235	
0	333.1, F	0.269	68.277	
0	331.1, F	1.922	68.318	
0	308.4, F	0.53	68.360	
0	299.3, F	1.163	68.402	
0	297.2, F	0.744	68.443	
0	5.2, F	1.404	68.485	
0	263.6, F	0.198	68.527	
0	336.2, F	0.729	68.569	
0	134.3, F	2.778	68.610	
0	321.2, F	0.538	68.652	
0	47.9, F	0.452	68.694	
0	283.9, F	0.669	68.735	
0	34.1, F	0.644	68.777	
0	35.6, F	0.589	68.819	
0	289.2, F	0.277	68.860	
0	50.9, F	0.781	68.902	
0	212.3, F	0.715	68.944	
0	236.3, F	0.364	68.986	
0	80.4, F	0.562	69.027	
0	290.0, F	0.149	69.069	
0	246.9, F	0.441	69.111	
0	94.2, F	0.551	69.152	
0	325.8, F	20.805	69.194	
0	69.7, F	0.605	69.236	
0	295.1, F	0.365	69.278	
0	75.8, F	0.729	69.319	
0	201.4, F	1.09	69.361	
0	268.3, F	0.376	69.403	
0	118.8, F	0.299	69.444	
0	294.0, F	0.475	69.486	
0	73.4, F	0.635	69.528	
0	97.0, F	0.372	69.569	
0	268.8, F	0.524	69.611	
0	271.7, F	0.134	69.653	
0	100.1, F	0.888	69.695	
0	206.6, F	0.112	69.736	
0	195.9, F	0.116	69.778	
0	359.6, F	0.992	69.820	
0	None	0	69.861	0.04200000000000159
0	216.1, F	0.11	69.903	
0	63.2, F	0.644	69.945	
0	224.1, F	1.427	69.987	
0	55.6, F	0.353	70.028	
0	66.4, F	0.188	70.070	
0	F	0.14	70.112	
0	31.8, F	0.142	70.153	
0	31.5, F	0.176	70.195	
0	282.6, F	0.805	70.237	
0	68.2, F	0.299	70.279	
0	67.0, F	0.246	70.320	
0	173.4, F	0.873	70.362	
0	42.2, F	0.215	70.404	
0	73.1, F	0.268	70.445	
0	271.3, F	0.814	70.487	
0	87.9, F	0.162	70.529	
0	331.6, F	19.948	70.570	
0	11.1, F	1.139	70.612	
0	333.0, F	0.835	70.654	
0	347.2, F	3.156	70.696	
0	322.8, F	1.577	70.737	
0	316.6, F	1.384	70.779	
0	338.3, F	1.25	70.821	
0	7.9, F	1.509	70.862	
0	321.7, F	1.788	70.904	
0	15.3, F	0.662	70.946	
0	328.8, F	1.41	70.988	
0	2.3, F	0.173	71.029	
0	334.2, F	1.137	71.071	
0	7.7, F	1.129	71.113	
0	310.5, F	1.558	71.154	
0	17.4, F	1.338	71.196	
0	337.4, F	1.694	71.238	
0	298.0, F	1.096	71.280	
0	359.1, F	1.755	71.321	
0	13.3, F	0.767	71.363	
0	5.7, F	0.651	71.405	
0	316.3, F	4.174	71.446	
0	51.4, F	1.151	71.488	
0	231.2, F	0.559	71.530	
0	298.1, F	0.62	71.572	
0	13.4, F	0.94	71.613	
0	295.3, F	1.22	71.655	
0	32.2, F	15.09	71.697	
0	345.6, F	1.146	71.738	
0	23.7, F	0.817	71.780	
0	258.6, F	1.166	71.822	
0	321.2, F	0.803	71.863	
0	25.3, F	3.513	71.905	
0	320.3, F	1.137	71.947	
0	178.5, F	0.151	71.989	
0	None	0	72.030	0.04200000000000159
0	328.8, F	0.622	72.072	
0	103.6, F	0.788	72.114	
0	346.8, F	0.406	72.155	
0	350.4, F	1.046	72.197	
0	308.4, F	0.385	72.239	
0	248.0, F	0.521	72.281	
0	2.3, F	2.227	72.322	
0	10.4, F	0.339	72.364	
0	317.7, F	1.312	72.406	
0	10.5, F	0.219	72.447	
0	13.9, F	0.45	72.489	
0	166.7, F	0.412	72.531	
0	6.0, F	1.093	72.572	
0	329.7, F	6.934	72.614	
0	319.6, F	1.598	72.656	
0	10.3, F	1.596	72.698	
0	288.0, F	0.981	72.739	
0	29.9, F	0.405	72.781	
0	1.4, F	0.371	72.823	
0	169.9, F	7.437	72.864	
0	10.0, F	0.921	72.906	
0	236.8, F	0.252	72.948	
0	15.1, F	1.174	72.990	
0	309.1, F	1.537	73.031	
0	94.4, F	1.074	73.073	
0	333.1, F	2.468	73.115	
0	335.6, F	0.874	73.156	
0	294.0, F	0.18	73.198	
0	248.6, F	0.295	73.240	
0	338.7, F	0.311	73.282	
0	132.4, F	1.41	73.323	
0	147.1, F	0.101	73.365	
0	284.9, F	1.002	73.407	
0	10.8, F	0.973	73.448	
0	178.9, F	0.798	73.490	
0	356.4, F	0.737	73.532	
0	90.3, F	1.097	73.573	
0	4.4, F	12.482	73.615	
0	17.3, F	1.618	73.657	
0	55.4, F	1.206	73.699	
0	348.8, F	1.043	73.740	
0	61.1, F	1.758	73.782	
0	339.9, F	0.912	73.824	
0	13.1, F	2.071	73.865	
0	None	0	73.907	0.04200000000000159
0	344.3, F	1.671	73.949	
0	65.4, F	1.08	73.991	
0	340.8, F	1.589	74.032	
0	322.8, F	1.162	74.074	
0	358.7, F	1.011	74.116	
0	328.5, F	0.764	74.157	
0	298.9, F	4.579	74.199	
0	93.6, F	0.73	74.241	
0	9.9, F	1.027	74.283	
0	351.3, F	1.034	74.324	
0	323.5, F	1.072	74.366	
0	16.4, F	1.604	74.408	
0	44.5, F	0.884	74.449	
0	336.7, F	0.706	74.491	
0	20.4, F	1.992	74.533	
0	271.4, F	1.401	74.575	
0	337.3, F	1.882	74.616	
0	321.5, F	1.127	74.658	
0	324.4, F	1.126	74.700	
0	297.6, F	1.359	74.741	
0	30.0, F	1.665	74.783	
0	356.0, F	0.389	74.825	
0	353.6, F	1.136	74.866	
0	354.4, F	0.952	74.908	
0	349.6, F	1.054	74.950	
0	312.8, F	0.965	74.992	
0	288.0, F	0.778	75.033	
0	322.0, F	1.141	75.075	
0	315.1, F	1.201	75.117	
0	293.4, F	0.915	75.158	
0	327.4, F	1.384	75.200	
0	339.8, F	0.574	75.242	
0	275.7, F	2.233	75.284	
0	317.1, F	1.332	75.325	
0	275.4, F	1.991	75.367	
0	29.1, F	1.372	75.409	
0	254.4, F	0.857	75.450	
0	334.9, F	1.204	75.492	
0	359.3, F	0.886	75.534	
0	290.6, F	1.106	75.575	
0	281.4, F	0.993	75.617	
0	327.0, F	0.924	75.659	
0	295.7, F	1.513	75.701	
0	324.2, F	1.156	75.742	
0	291.4, F	1.84	75.784	
0	265.9, F	0.945	75.826	
0	271.5, F	1.586	75.867	
0	47.0, F	0.357	75.909	
0	321.3, F	1.301	75.951	
0	285.3, F	0.299	75.993	
0	303.2, F	1.235	76.034	
0	252.4, F	0.703	76.076	
0	138.3, F	3.291	76.118	
0	325.0, F	0.96	76.159	
0	332.8, F	12.224	76.201	
0	202.1, F	1.124	76.243	
0	251.9, F	1.999	76.285	
0	243.8, F	1.707	76.326	
0	206.6, F	2.42	76.368	
0	227.0, F	2.756	76.410	
0	226.0, F	7.008	76.451	
0	239.8, F	2.227	76.493	
0	350.6, F	0.923	76.535	
0	264.7, F	0.982	76.576	
0	264.5, F	1.172	76.618	
0	290.9, F	0.737	76.660	
0	297.3, F	0.541	76.702	
0	194.8, F	0.836	76.743	
0	284.6, F	1.269	76.785	
0	281.3, F	0.915	76.827	
0	255.9, F	1.513	76.868	
0	271.8, F	0.884	76.910	
0	149.5, F	0.598	76.952	
0	201.5, F	1.619	76.994	
0	86.1, F	0.889	77.035	
0	302.0, F	1.307	77.077	
0	180.0, F	0.802	77.119	
0	238.1, F	0.634	77.160	
0	161.7, F	0.571	77.202	
0	247.9, F	1.731	77.244	
0	296.8, F	0.184	77.286	
0	263.9, F	0.321	77.327	
0	252.9, F	1.254	77.369	
0	217.8, F	0.856	77.411	
0	262.5, F	0.115	77.452	
0	232.9, F	0.695	77.494	
0	149.9, F	0.506	77.536	
0	280.6, F	0.915	77.578	
0	344.3, F	0.1	77.619	
0	236.3, F	0.551	77.661	
0	160.9, F	0.606	77.703	
0	167.0, F	0.845	77.744	
0	71.6, F	0.164	77.786	
0	267.8, F	0.546	77.828	
0	73.2, F	0.489	77.869	
0	80.9, F	0.517	77.911	
0	252.3, F	1.216	77.953	
0	41.7, F	0.73	77.995	
0	19.7, F	0.704	78.036	
0	245.3, F	1.096	78.078	
0	6.5, F	0.602	78.120	
0	176.3, F	0.517	78.161	
0	207.9, F	0.137	78.203	
0	46.8, F	0.197	78.245	
0	282.8, F	0.775	78.287	
0	203.9, F	1.072	78.328	
0	14.9, F	0.837	78.370	
0	164.4, F	0.219	78.412	
0	14.0, F	0.919	78.453	
0	194.5, F	0.862	78.495	
0	278.5, F	0.468	78.537	
0	102.0, F	0.226	78.578	
0	205.0, F	0.223	78.620	
0	5.4, F	0.529	78.662	
0	173.0, F	0.95	78.704	
0	205.9, F	0.245	78.745	
0	4.3, F	0.471	78.787	
0	207.2, F	0.335	78.829	
0	206.4, F	0.295	78.870	
0	349.6, F	0.575	78.912	
0	190.2, F	0.372	78.954	
0	24.4, F	0.375	78.996	
0	168.4, F	0.657	79.037	
0	31.3, F	0.254	79.079	
0	55.8, F	0.287	79.121	
0	216.9, F	1.181	79.162	
0	78.0, F	0.261	79.204	
0	110.5, F	0.311	79.246	
0	153.4, F	0.297	79.288	
0	2.5, F	1.229	79.329	
0	156.1, F	0.784	79.371	
0	67.7, F	0.382	79.413	
0	82.9, F	0.315	79.454	
0	236.6, F	0.469	79.496	
0	95.2, F	0.451	79.538	
0	262.3, F	0.502	79.579	
0	121.3, F	0.564	79.621	
0	283.3, F	0.606	79.663	
0	59.3, F	0.437	79.705	
0	261.9, F	0.473	79.746	
0	67.3, F	0.433	79.788	
0	277.3, F	0.235	79.830	
0	103.3, F	0.565	79.871	
0	243.0, F	0.392	79.913	
0	235.3, F	0.356	79.955	
0	43.5, F	0.864	79.997	
0	211.9, F	0.779	80.038	
0	77.1, F	0.664	80.080	
0	199.3, F	0.976	80.122	
0	260.4, F	0.227	80.163	
0	206.2, F	0.288	80.205	
0	53.0, F	0.626	80.247	
0	208.7, F	0.93	80.289	
0	142.3, F	0.413	80.330	
0	243.1, F	0.964	80.372	
0	333.0, F	0.128	80.414	
0	266.7, F	0.299	80.455	
0	123.3, F	0.581	80.497	
0	222.6, F	0.834	80.539	
0	82.4, F	0.182	80.581	
0	264.4, F	1.201	80.622	
0	137.2, F	0.776	80.664	
0	210.8, F	0.942	80.706	
0	106.4, F	0.29	80.747	
0	237.5, F	0.642	80.789	
0	20.1, F	0.215	80.831	
0	167.5, F	0.904	80.872	
0	206.5, F	0.292	80.914	
0	191.4, F	0.368	80.956	
0	338.7, F	0.276	80.998	
0	300.1, F	0.241	81.039	
0	176.1, F	0.746	81.081	
0	11.6, F	0.175	81.123	
0	24.7, F	0.136	81.164	
0	38.1, F	0.352	81.206	
0	52.0, F	0.38	81.248	
0	229.5, F	0.801	81.290	
0	33.3, F	0.562	81.331	
0	133.1, F	0.522	81.373	
0	316.0, F	0.76	81.415	
0	119.7, F	0.523	81.456	
0	316.5, F	0.779	81.498	
0	127.1, F	0.543	81.540	
0	116.1, F	0.484	81.581	
0	331.1, F	0.887	81.623	
0	111.0, F	0.589	81.665	
0	253.0, F	0.469	81.707	
0	259.2, F	0.46	81.748	
0	93.4, F	0.521	81.790	
0	267.0, F	0.349	81.832	
0	79.9, F	0.685	81.873	
0	295.1, F	0.323	81.915	
0	306.8, F	0.304	81.957	
0	81.4, F	0.914	81.999	
0	356.0, F	0.144	82.040	
0	None	0	82.082	0.04200000000000159
0	176.2, F	0.901	82.124	
0	77.6, F	0.28	82.165	
0	273.0, F	0.62	82.207	
0	111.8, F	0.369	82.249	
0	108.8, F	0.397	82.291	
0	322.6, F	0.931	82.332	
0	141.3, F	0.374	82.374	
0	164.8, F	0.549	82.416	
0	304.5, F	0.792	82.457	
0	153.8, F	0.723	82.499	
0	46.0, F	0.424	82.541	
0	279.5, F	0.797	82.582	
0	165.9, F	0.859	82.624	
0	95.6, F	0.339	82.666	
0	100.5, F	0.367	82.708	
0	256.2, F	0.616	82.749	
0	135.0, F	0.202	82.791	
0	7.6, F	0.512	82.833	
0	175.8, F	0.595	82.874	
0	356.6, F	0.202	82.916	
0	291.5, F	0.327	82.958	
0	205.5, F	0.915	83.000	
0	268.7, F	0.504	83.041	
0	120.0, F	0.476	83.083	
0	242.7, F	0.874	83.125	
0	22.7, F	0.455	83.166	
0	164.7, F	0.832	83.208	
0	94.4, F	0.389	83.250	
0	233.4, F	0.598	83.292	
0	55.5, F	0.728	83.333	
0	203.3, F	0.883	83.375	
0	77.5, F	0.503	83.417	
0	270.0, F	0.387	83.458	
0	89.6, F	0.687	83.500	
0	271.3, F	0.27	83.542	
0	267.3, F	0.259	83.584	
0	None	0	83.625	0.04200000000000159
0	313.4, F	0.099	83.667	
0	82.5, F	0.924	83.709	
0	19.8, F	0.322	83.750	
0	170.2, F	0.642	83.792	
0	309.4, F	0.944	83.834	
0	144.7, F	0.405	83.875	
0	18.0, F	0.845	83.917	
0	120.8, F	0.379	83.959	
0	257.0, F	0.632	84.001	
0	100.7, F	0.557	84.042	
0	261.3, F	0.396	84.084	
0	95.9, F	0.557	84.126	
0	336.7, F	1.094	84.167	
0	91.4, F	0.523	84.209	
0	277.9, F	0.574	84.251	
0	154.6, F	0.985	84.293	
0	282.8, F	0.56	84.334	
0	92.6, F	0.336	84.376	
0	269.1, F	0.763	84.418	
0	120.9, F	0.339	84.459	
0	122.0, F	0.261	84.501	
0	14.7, F	0.843	84.543	
0	123.0, F	0.288	84.584	
0	257.9, F	0.718	84.626	
0	113.2, F	0.37	84.668	
0	117.4, F	0.352	84.710	
0	254.0, F	0.58	84.751	
0	41.6, F	1.043	84.793	
0	251.1, F	0.591	84.835	
0	116.7, F	0.443	84.876	
0	253.9, F	0.586	84.918	
0	110.0, F	0.576	84.960	
0	329.7, F	0.856	85.002	
0	111.1, F	0.5	85.043	
0	242.8, F	0.468	85.085	
0	109.9, F	0.594	85.127	
0	242.4, F	0.453	85.168	
0	27.1, F	0.994	85.210	
0	264.4, F	0.481	85.252	
0	94.2, F	0.486	85.294	
0	265.2, F	0.48	85.335	
0	89.7, F	0.498	85.377	
0	263.7, F	0.502	85.419	
0	90.0, F	0.447	85.460	
0	273.0, F	0.794	85.502	
0	74.4, F	0.156	85.544	
0	None	0	85.585	0.04200000000000159
0	298.0, F	0.147	85.627	
0	None	0	85.669	0.04200000000000159
0	261.1, F	0.129	85.711	
0	146.5, F	0.1	85.752	
0	None	0	85.794	0.04200000000000159
0	153.7, F	0.099	85.836	
0	115.9, F	0.151	85.877	
0	148.8, F	0.232	85.919	
0	148.7, F	0.248	85.961	
0	147.2, F	0.375	86.003	
0	313.5, F	0.96	86.044	
0	138.1, F	0.438	86.086	
0	139.0, F	0.405	86.128	
0	314.6, F	1.002	86.169	
0	111.8, F	0.266	86.211	
0	100.4, F	0.293	86.253	
0	76.4, F	0.332	86.295	
0	273.6, F	0.568	86.336	
0	81.0, F	0.679	86.378	
0	289.0, F	0.267	86.420	
0	356.4, F	0.143	86.461	
0	81.0, F	0.983	86.503	
0	5.2, F	0.121	86.545	
0	170.8, F	0.936	86.587	
0	264.8, F	0.88	86.628	
0	126.1, F	0.202	86.670	
0	10.9, F	0.793	86.712	
0	145.0, F	0.239	86.753	
0	141.3, F	0.206	86.795	
0	124.1, F	0.356	86.837	
0	254.2, F	0.659	86.878	
0	23.6, F	0.837	86.920	
0	123.9, F	0.37	86.962	
0	250.3, F	0.708	87.004	
0	122.0, F	0.362	87.045	
0	121.9, F	0.335	87.087	
0	318.2, F	1.049	87.129	
0	121.2, F	0.33	87.170	
0	125.9, F	0.334	87.212	
0	F	0.316	87.254	
0	255.0, F	0.728	87.296	
0	7.6, F	0.783	87.337	
0	149.6, F	0.275	87.379	
0	177.9, F	0.267	87.421	
0	145.0, F	0.307	87.462	
0	12.8, F	0.858	87.504	
0	260.4, F	0.794	87.546	
0	92.2, F	0.259	87.587	
0	98.3, F	0.537	87.629	
0	261.5, F	0.448	87.671	
0	112.1, F	0.53	87.713	
0	248.4, F	0.489	87.754	
0	124.3, F	0.863	87.796	
0	321.8, F	0.663	87.838	
0	133.5, F	0.641	87.879	
0	315.3, F	0.741	87.921	
0	141.0, F	0.744	87.963	
0	302.1, F	0.793	88.005	
0	156.9, F	0.676	88.046	
0	56.2, F	0.624	88.088	
0	292.7, F	0.652	88.130	
0	151.6, F	0.778	88.171	
0	296.1, F	0.632	88.213	
0	48.2, F	0.424	88.255	
0	291.7, F	0.778	88.297	
0	161.8, F	0.703	88.338	
0	32.4, F	0.315	88.380	
0	12.0, F	0.309	88.422	
0	177.7, F	0.676	88.463	
0	9.3, F	0.286	88.505	
0	356.5, F	0.279	88.547	
0	190.2, F	0.625	88.588	
0	11.7, F	0.346	88.630	
0	20.0, F	0.427	88.672	
0	149.9, F	0.735	88.714	
0	312.3, F	0.716	88.755	
0	53.6, F	0.66	88.797	
0	221.2, F	0.716	88.839	
0	33.9, F	0.506	88.880	
0	231.9, F	0.846	88.922	
0	30.1, F	0.433	88.964	
0	154.0, F	0.542	89.006	
0	48.0, F	0.542	89.047	
0	296.7, F	0.683	89.089	
0	149.4, F	0.718	89.131	
0	303.0, F	0.695	89.172	
0	146.3, F	0.683	89.214	
0	32.3, F	0.492	89.256	
0	293.7, F	0.785	89.298	
0	155.3, F	0.668	89.339	
0	30.1, F	0.323	89.381	
0	23.8, F	0.342	89.423	
0	170.2, F	0.664	89.464	
0	296.8, F	0.726	89.506	
0	52.0, F	0.393	89.548	
0	157.5, F	0.767	89.590	
0	289.3, F	0.714	89.631	
0	52.9, F	0.386	89.673	
0	49.6, F	0.301	89.715	
0	149.1, F	0.842	89.756	
0	296.4, F	0.597	89.798	
0	60.9, F	0.496	89.840	
0	293.9, F	0.572	89.881	
0	165.1, F	0.751	89.923	
0	51.4, F	0.453	89.965	
0	292.2, F	0.661	90.007	
0	20.9, F	0.324	90.048	
0	156.3, F	0.646	90.090	
0	299.2, F	0.803	90.132	
0	153.5, F	0.621	90.173	
0	15.6, F	0.516	90.215	
0	5.2, F	0.514	90.257	
0	156.3, F	0.461	90.299	
0	176.1, F	0.298	90.340	
0	1.1, F	0.756	90.382	
0	138.7, F	0.305	90.424	
0	254.1, F	0.787	90.465	
0	151.8, F	0.345	90.507	
0	5.0, F	0.68	90.549	
0	174.2, F	0.328	90.590	
0	172.8, F	0.294	90.632	
0	350.0, F	0.703	90.674	
0	226.1, F	0.298	90.716	
0	225.3, F	0.28	90.757	
0	186.2, F	0.176	90.799	
0	356.8, F	0.78	90.841	
0	203.3, F	0.197	90.882	
0	199.3, F	0.184	90.924	
0	99.4, F	0.98	90.966	
0	226.0, F	0.209	91.008	
0	222.8, F	0.149	91.049	
0	353.0, F	0.852	91.091	
0	216.4, F	0.118	91.133	
0	225.6, F	0.136	91.174	
0	240.4, F	0.189	91.216	
0	237.2, F	0.207	91.258	
0	230.5, F	0.141	91.300	
0	96.0, F	0.856	91.341	
0	245.0, F	0.201	91.383	
0	238.2, F	0.171	91.425	
0	155.1, F	0.093	91.466	
0	355.7, F	0.714	91.508	
0	193.7, F	0.27	91.550	
0	190.9, F	0.281	91.591	
0	187.5, F	0.276	91.633	
0	353.7, F	0.632	91.675	
0	183.2, F	0.359	91.717	
0	174.8, F	0.639	91.758	
0	15.9, F	0.383	91.800	
0	5.8, F	0.315	91.842	
0	170.1, F	0.583	91.883	
0	14.5, F	0.399	91.925	
0	355.8, F	0.638	91.967	
0	188.1, F	0.335	92.009	
0	192.6, F	0.256	92.050	
0	196.7, F	0.271	92.092	
0	337.8, F	0.751	92.134	
0	229.5, F	0.559	92.175	
0	121.8, F	0.651	92.217	
0	311.1, F	0.486	92.259	
0	151.6, F	0.431	92.301	
0	307.8, F	0.982	92.342	
0	150.9, F	0.304	92.384	
0	176.4, F	0.42	92.426	
0	14.7, F	0.693	92.467	
0	123.5, F	0.442	92.509	
0	246.6, F	0.63	92.551	
0	32.0, F	0.777	92.593	
0	121.8, F	0.789	92.634	
0	192.5, F	0.533	92.676	
0	345.3, F	0.635	92.718	
0	203.6, F	0.399	92.759	
0	355.4, F	0.656	92.801	
0	208.8, F	0.428	92.843	
0	104.6, F	0.823	92.884	
0	355.1, F	0.724	92.926	
0	200.4, F	0.184	92.968	
0	231.6, F	0.379	93.010	
0	246.5, F	0.331	93.051	
0	94.5, F	0.48	93.093	
0	331.6, F	1.046	93.135	
0	109.9, F	0.373	93.176	
0	260.8, F	0.919	93.218	
0	163.9, F	0.224	93.260	
0	193.0, F	0.284	93.302	
0	205.6, F	0.509	93.343	
0	344.0, F	0.651	93.385	
0	125.4, F	0.704	93.427	
0	330.8, F	0.991	93.468	
0	239.5, F	0.541	93.510	
0	111.1, F	0.685	93.552	
0	235.7, F	0.442	93.593	
0	39.8, F	0.936	93.635	
0	234.2, F	0.466	93.677	
0	222.2, F	0.411	93.719	
0	112.9, F	0.76	93.760	
0	354.8, F	0.829	93.802	
0	204.7, F	0.206	93.844	
0	203.6, F	0.197	93.885	
0	203.9, F	0.195	93.927	
0	191.9, F	0.141	93.969	
0	344.8, F	0.743	94.011	
0	116.3, F	0.652	94.052	
0	235.2, F	0.476	94.094	
0	235.5, F	0.455	94.136	
0	42.7, F	0.848	94.177	
0	251.0, F	0.586	94.219	
0	114.3, F	0.454	94.261	
0	252.2, F	0.571	94.303	
0	23.6, F	0.85	94.344	
0	97.2, F	0.458	94.386	
0	253.5, F	0.471	94.428	
0	255.0, F	0.449	94.469	
0	84.7, F	0.48	94.511	
0	274.6, F	0.491	94.553	
0	98.1, F	0.499	94.594	
0	271.7, F	0.5	94.636	
0	90.3, F	0.456	94.678	
0	266.3, F	0.684	94.720	
0	102.0, F	0.283	94.761	
0	101.9, F	0.266	94.803	
0	110.4, F	0.252	94.845	
0	262.9, F	0.74	94.886	
0	113.2, F	0.238	94.928	
0	105.8, F	0.346	94.970	
0	27.6, F	0.879	95.012	
0	254.7, F	0.614	95.053	
0	110.7, F	0.707	95.095	
0	235.1, F	0.421	95.137	
0	209.3, F	0.468	95.178	
0	53.1, F	0.842	95.220	
0	226.5, F	0.837	95.262	
0	24.0, F	0.477	95.304	
0	294.2, F	0.911	95.345	
0	173.5, F	0.594	95.387	
0	5.5, F	0.398	95.429	
0	175.4, F	0.528	95.470	
0	4.6, F	0.585	95.512	
0	174.7, F	0.398	95.554	
0	9.6, F	0.552	95.596	
0	168.5, F	0.446	95.637	
0	20.9, F	0.49	95.679	
0	151.8, F	0.598	95.721	
0	312.5, F	0.701	95.762	
0	129.9, F	0.917	95.804	
0	350.9, F	0.379	95.846	
0	183.3, F	0.615	95.887	
0	352.6, F	0.233	95.929	
0	41.6, F	0.327	95.971	
0	41.4, F	0.296	96.013	
0	161.9, F	0.807	96.054	
0	51.2, F	0.316	96.096	
0	281.7, F	0.946	96.138	
0	28.4, F	0.164	96.179	
0	15.4, F	0.113	96.221	
0	178.6, F	0.861	96.263	
0	13.8, F	0.126	96.305	
0	11.5, F	0.126	96.346	
0	35.7, F	0.096	96.388	
0	None	0	96.430	
0	None	0	96.471	0.08299999999999841
0	295.8, F	0.204	96.513	
0	288.3, F	0.28	96.555	
0	82.8, F	0.66	96.596	
0	277.6, F	0.718	96.638	
0	161.6, F	0.902	96.680	
0	278.9, F	0.74	96.722	
0	64.6, F	0.296	96.763	
0	63.6, F	0.248	96.805	
0	52.5, F	0.184	96.847	
0	278.6, F	0.729	96.888	
0	65.2, F	0.43	96.930	
0	68.1, F	0.455	96.972	
0	196.8, F	0.88	97.014	
0	79.8, F	0.746	97.055	
0	296.4, F	0.268	97.097	
0	296.8, F	0.269	97.139	
0	305.2, F	0.279	97.180	
0	76.2, F	0.815	97.222	
0	188.5, F	0.708	97.264	
0	11.2, F	0.206	97.306	
0	30.9, F	0.259	97.347	
0	26.6, F	0.217	97.389	
0	14.0, F	0.38	97.431	
0	171.3, F	0.639	97.472	
0	294.1, F	0.902	97.514	
0	166.1, F	0.641	97.556	
0	352.1, F	0.576	97.597	
0	F	0.521	97.639	
0	193.6, F	0.413	97.681	
0	185.8, F	0.378	97.723	
0	358.6, F	0.633	97.764	
0	150.9, F	0.368	97.806	
0	125.1, F	0.219	97.848	
0	15.3, F	0.757	97.889	
0	129.8, F	0.233	97.931	
0	134.3, F	0.228	97.973	
0	259.2, F	0.838	98.015	
0	143.8, F	0.235	98.056	
0	10.3, F	0.81	98.098	
0	124.4, F	0.353	98.140	
0	103.3, F	0.221	98.181	
0	110.0, F	0.196	98.223	
0	269.9, F	0.75	98.265	
0	87.3, F	0.209	98.307	
0	67.1, F	0.203	98.348	
0	16.5, F	0.179	98.390	
0	3.7, F	0.153	98.432	
0	8.2, F	0.154	98.473	
0	179.4, F	0.798	98.515	
0	6.2, F	0.202	98.557	
0	4.5, F	0.206	98.599	
0	2.4, F	0.192	98.640	
0	9.9, F	0.198	98.682	
0	175.9, F	0.774	98.724	
0	282.5, F	0.932	98.765	
0	12.4, F	0.461	98.807	
0	13.5, F	0.468	98.849	
0	150.7, F	0.28	98.890	
0	127.6, F	0.4	98.932	
0	38.3, F	0.956	98.974	
0	236.7, F	0.441	99.016	
0	258.6, F	0.434	99.057	
0	98.4, F	0.571	99.099	
0	266.1, F	0.378	99.141	
0	97.2, F	0.506	99.182	
0	287.3, F	0.615	99.224	
0	64.2, F	0.398	99.266	
0	281.7, F	0.827	99.308	
0	46.0, F	0.197	99.349	
0	21.8, F	0.288	99.391	
0	171.5, F	0.713	99.433	
0	357.7, F	0.524	99.474	
0	352.4, F	0.501	99.516	
0	188.3, F	0.271	99.558	
0	187.5, F	0.251	99.599	
0	5.4, F	0.736	99.641	
0	182.9, F	0.319	99.683	
0	228.3, F	0.407	99.725	
0	333.3, F	0.755	99.766	
0	118.0, F	0.641	99.808	
0	246.8, F	0.578	99.850	
0	114.8, F	0.426	99.891	
0	316.0, F	1.152	99.933	
0	130.2, F	0.228	99.975	
0	201.9, F	0.121	100.017	
0	282.2, F	0.278	100.058	
0	284.8, F	0.503	100.100	
0	65.5, F	0.442	100.142	
0	283.6, F	0.763	100.183	
0	188.2, F	0.712	100.225	
0	8.7, F	0.324	100.267	
0	13.4, F	0.285	100.309	
0	14.6, F	0.329	100.350	
0	174.5, F	0.554	100.392	
0	5.1, F	0.405	100.434	
0	176.1, F	0.55	100.475	
0	336.8, F	0.307	100.517	
0	308.5, F	0.249	100.559	
0	192.9, F	0.938	100.600	
0	243.4, F	0.107	100.642	
0	165.7, F	0.101	100.684	
0	359.2, F	0.839	100.726	
0	148.0, F	0.283	100.767	
0	153.7, F	0.361	100.809	
0	160.5, F	0.474	100.851	
0	36.0, F	0.429	100.892	
0	161.3, F	0.777	100.934	
0	254.6, F	0.328	100.976	
0	96.4, F	0.684	101.018	
0	222.4, F	0.384	101.059	
0	332.6, F	0.65	101.101	
0	128.4, F	0.676	101.143	
0	241.1, F	0.569	101.184	
0	23.7, F	0.845	101.226	
0	251.2, F	0.605	101.268	
0	112.7, F	0.448	101.310	
0	217.4, F	0.392	101.351	
0	62.3, F	0.683	101.393	
0	214.3, F	0.561	101.435	
0	12.1, F	0.382	101.476	
0	183.8, F	0.635	101.518	
0	43.1, F	0.193	101.560	
0	23.8, F	0.178	101.602	
0	59.9, F	0.176	101.643	
0	49.8, F	0.17	101.685	
0	175.6, F	0.964	101.727	
0	52.6, F	0.257	101.768	
0	85.4, F	0.164	101.810	
0	274.4, F	0.709	101.852	
0	75.2, F	0.266	101.893	
0	66.0, F	0.522	101.935	
0	282.4, F	0.499	101.977	
0	87.5, F	0.345	102.019	
0	252.7, F	0.789	102.060	
0	172.2, F	0.484	102.102	
0	22.4, F	0.385	102.144	
0	183.6, F	0.8	102.185	
0	276.3, F	0.22	102.227	
0	265.3, F	0.173	102.269	
0	232.7, F	0.568	102.311	
0	120.6, F	0.611	102.352	
0	326.1, F	0.726	102.394	
0	126.4, F	0.457	102.436	
0	224.1, F	0.499	102.477	
0	46.5, F	0.85	102.519	
0	233.0, F	0.47	102.561	
0	108.8, F	0.646	102.602	
0	329.7, F	0.743	102.644	
0	241.1, F	0.501	102.686	
0	111.3, F	0.649	102.728	
0	242.0, F	0.751	102.769	
0	28.8, F	0.619	102.811	
0	168.4, F	0.565	102.853	
0	293.2, F	0.897	102.894	
0	179.2, F	0.796	102.936	
0	292.7, F	0.244	102.978	
0	264.6, F	0.437	103.020	
0	100.5, F	0.492	103.061	
0	262.1, F	0.501	103.103	
0	115.9, F	0.541	103.145	
0	325.8, F	0.833	103.186	
0	126.8, F	0.657	103.228	
0	223.8, F	0.654	103.270	
0	46.9, F	0.71	103.312	
0	217.2, F	0.61	103.353	
0	58.7, F	0.759	103.395	
0	208.4, F	0.716	103.437	
0	325.6, F	0.547	103.478	
0	130.0, F	0.86	103.520	
0	319.8, F	0.547	103.562	
0	313.3, F	0.48	103.603	
0	147.6, F	0.701	103.645	
0	290.8, F	0.675	103.687	
0	48.4, F	0.298	103.729	
0	165.9, F	0.803	103.770	
0	44.8, F	0.257	103.812	
0	287.4, F	0.576	103.854	
0	68.3, F	0.433	103.895	
0	279.7, F	0.763	103.937	
0	45.3, F	0.148	103.979	
0	173.4, F	0.89	104.021	
0	19.8, F	0.141	104.062	
0	28.7, F	0.106	104.104	
0	71.3, F	0.306	104.146	
0	101.4, F	0.363	104.187	
0	270.1, F	0.604	104.229	
0	91.9, F	0.433	104.271	
0	271.2, F	0.513	104.313	
0	97.3, F	0.526	104.354	
0	268.3, F	0.427	104.396	
0	89.0, F	0.753	104.438	
0	None	0	104.479	0.04200000000000159
0	250.8, F	0.133	104.521	
0	249.7, F	0.118	104.563	
0	214.9, F	0.121	104.605	
0	223.5, F	0.131	104.646	
0	95.4, F	0.865	104.688	
0	346.9, F	0.958	104.730	
0	250.3, F	0.202	104.771	
0	258.9, F	0.291	104.813	
0	263.2, F	0.354	104.855	
0	95.5, F	0.5	104.896	
0	264.7, F	0.476	104.938	
0	102.2, F	0.193	104.980	
0	105.8, F	0.177	105.022	
0	268.7, F	0.847	105.063	
0	133.5, F	0.161	105.105	
0	None	0	105.147	
0	None	0	105.188	0.08299999999999841
0	155.3, F	0.108	105.230	
0	173.9, F	0.198	105.272	
0	186.6, F	0.139	105.314	
0	350.8, F	0.829	105.355	
0	217.3, F	0.122	105.397	
0	238.4, F	0.183	105.439	
0	240.0, F	0.178	105.480	
0	203.3, F	0.109	105.522	
0	95.5, F	0.922	105.564	
0	211.8, F	0.112	105.605	
0	202.8, F	0.095	105.647	
0	118.7, F	0.166	105.689	
0	148.5, F	0.094	105.731	
0	314.0, F	1.291	105.772	
0	143.0, F	0.111	105.814	
0	None	0	105.856	
0	None	0	105.897	0.08299999999999841
0	60.9, F	0.21	105.939	
0	68.7, F	0.195	105.981	
0	76.6, F	0.423	106.023	
0	157.0, F	0.945	106.064	
0	288.8, F	0.341	106.106	
0	70.6, F	0.469	106.148	
0	319.1, F	0.414	106.189	
0	334.3, F	0.343	106.231	
0	128.4, F	1.068	106.273	
0	333.3, F	0.298	106.315	
0	330.9, F	0.299	106.356	
0	353.4, F	0.148	106.398	
0	195.1, F	0.864	106.440	
0	304.6, F	0.239	106.481	
0	306.6, F	0.255	106.523	
0	80.1, F	0.779	106.565	
0	294.2, F	0.51	106.606	
0	282.1, F	0.445	106.648	
0	141.3, F	1.076	106.690	
0	284.4, F	0.386	106.732	
0	283.3, F	0.517	106.773	
0	79.5, F	0.512	106.815	
0	284.0, F	0.53	106.857	
0	79.3, F	0.485	106.898	
0	279.4, F	0.533	106.940	
0	73.6, F	0.205	106.982	
0	43.2, F	0.299	107.024	
0	148.1, F	0.891	107.065	
0	298.3, F	0.588	107.107	
0	59.5, F	0.521	107.149	
0	297.1, F	0.601	107.190	
0	149.2, F	0.818	107.232	
0	298.8, F	0.619	107.274	
0	45.5, F	0.436	107.316	
0	147.9, F	0.688	107.357	
0	307.1, F	0.812	107.399	
0	38.2, F	0.584	107.441	
0	229.9, F	0.825	107.482	
0	27.1, F	0.516	107.524	
0	162.2, F	0.621	107.566	
0	20.2, F	0.44	107.608	
0	168.9, F	0.612	107.649	
0	296.1, F	1.128	107.691	
0	196.8, F	0.443	107.733	
0	58.9, F	1.163	107.774	
0	175.1, F	0.4	107.816	
0	357.4, F	0.613	107.858	
0	176.7, F	0.353	107.899	
0	214.8, F	0.272	107.941	
0	350.4, F	0.731	107.983	
0	208.7, F	0.27	108.025	
0	189.6, F	0.192	108.066	
0	138.7, F	0.249	108.108	
0	11.4, F	0.768	108.150	
0	137.2, F	0.315	108.191	
0	254.2, F	0.776	108.233	
0	128.1, F	0.313	108.275	
0	119.4, F	0.649	108.317	
0	328.0, F	0.756	108.358	
0	126.3, F	0.785	108.400	
0	354.4, F	0.479	108.442	
0	182.9, F	0.483	108.483	
0	23.8, F	0.597	108.525	
0	142.6, F	0.545	108.567	
0	143.1, F	0.549	108.608	
0	313.8, F	0.738	108.650	
0	139.9, F	0.886	108.692	
0	312.4, F	0.498	108.734	
0	57.3, F	0.596	108.775	
0	225.5, F	0.972	108.817	
0	46.3, F	0.375	108.859	
0	15.3, F	0.269	108.900	
0	275.4, F	1.076	108.942	
0	133.5, F	1.219	108.984	
0	322.6, F	0.165	109.026	
0	288.2, F	0.231	109.067	
0	277.2, F	0.342	109.109	
0	278.5, F	0.519	109.151	
0	81.9, F	0.356	109.192	
0	275.2, F	0.61	109.234	
0	81.4, F	0.353	109.276	
0	81.0, F	0.352	109.318	
0	279.4, F	0.351	109.359	
0	85.9, F	0.494	109.401	
0	273.9, F	0.538	109.443	
0	84.9, F	0.416	109.484	
0	263.3, F	0.56	109.526	
0	97.7, F	0.409	109.568	
0	129.5, F	0.198	109.609	
0	263.2, F	0.789	109.651	
0	121.2, F	0.232	109.693	
0	176.0, F	0.245	109.735	
0	190.1, F	0.29	109.776	
0	1.7, F	0.666	109.818	
0	175.8, F	0.379	109.860	
0	176.1, F	0.37	109.901	
0	2.4, F	0.333	109.943	
0	172.0, F	0.635	109.985	
0	12.6, F	0.331	110.027	
0	21.4, F	0.335	110.068	
0	163.0, F	0.792	110.110	
0	285.3, F	0.778	110.152	
0	9.9, F	0.145	110.193	
0	33.0, F	0.176	110.235	
0	47.0, F	0.158	110.277	
0	173.0, F	0.857	110.319	
0	47.0, F	0.122	110.360	
0	45.3, F	0.136	110.402	
0	94.2, F	0.324	110.444	
0	268.2, F	0.666	110.485	
0	121.0, F	0.379	110.527	
0	117.8, F	0.363	110.569	
0	316.8, F	0.852	110.611	
0	140.9, F	0.496	110.652	
0	142.9, F	0.484	110.694	
0	304.0, F	0.952	110.736	
0	156.6, F	0.509	110.777	
0	354.5, F	0.417	110.819	
0	182.6, F	0.618	110.861	
0	358.7, F	0.267	110.902	
0	None	0	110.944	0.04200000000000159
0	180.2, F	0.793	110.986	
0	7.8, F	0.147	111.028	
0	27.4, F	0.178	111.069	
0	135.8, F	0.1	111.111	
0	None	0	111.153	0.04099999999999682
0	197.4, F	0.104	111.194	
0	None	0	111.236	0.04200000000000159
0	205.9, F	0.236	111.278	
0	154.1, F	0.147	111.320	
0	3.4, F	0.747	111.361	
0	162.5, F	0.325	111.403	
0	169.5, F	0.572	111.445	
0	15.3, F	0.399	111.486	
0	171.4, F	0.853	111.528	
0	271.2, F	0.831	111.570	
0	136.5, F	0.132	111.611	
0	115.3, F	0.333	111.653	
0	136.2, F	0.465	111.695	
0	45.9, F	0.586	111.737	
0	213.8, F	0.999	111.778	
0	85.0, F	0.678	111.820	
0	231.4, F	0.536	111.862	
0	219.2, F	0.726	111.903	
0	78.2, F	0.69	111.945	
0	254.9, F	0.502	111.987	
0	137.2, F	0.605	112.029	
0	204.0, F	1.056	112.070	
0	124.2, F	0.772	112.112	
0	270.0, F	0.343	112.154	
0	199.8, F	0.739	112.195	
0	150.3, F	1.594	112.237	
0	207.4, F	0.461	112.279	
0	193.7, F	1.138	112.321	
0	188.2, F	0.976	112.362	
0	205.9, F	0.662	112.404	
0	112.2, F	0.583	112.446	
0	199.6, F	0.741	112.487	
0	256.5, F	0.441	112.529	
0	109.7, F	0.379	112.571	
0	154.6, F	0.458	112.612	
0	220.6, F	0.909	112.654	
0	124.6, F	0.257	112.696	
0	149.3, F	0.589	112.738	
0	262.6, F	0.887	112.779	
0	193.1, F	0.435	112.821	
0	182.0, F	0.874	112.863	
0	204.8, F	0.505	112.904	
0	113.6, F	0.766	112.946	
0	164.9, F	0.821	112.988	
0	142.1, F	0.978	113.030	
0	268.2, F	0.695	113.071	
0	154.1, F	0.662	113.113	
0	183.9, F	1.075	113.155	
0	167.4, F	0.676	113.196	
0	251.2, F	0.871	113.238	
0	176.5, F	0.996	113.280	
0	161.4, F	0.678	113.322	
0	157.0, F	0.317	113.363	
0	166.0, F	0.837	113.405	
0	181.2, F	0.459	113.447	
0	167.8, F	0.983	113.488	
0	231.2, F	0.882	113.530	
0	67.8, F	0.228	113.572	
0	139.0, F	0.459	113.614	
0	157.1, F	0.982	113.655	
0	235.3, F	0.737	113.697	
0	140.2, F	1.123	113.739	
0	193.5, F	0.326	113.780	
0	15.6, F	0.264	113.822	
0	191.3, F	1.242	113.864	
0	317.0, F	0.286	113.905	
0	172.9, F	1.256	113.947	
0	273.5, F	0.91	113.989	
0	199.9, F	0.658	114.031	
0	145.2, F	1.342	114.072	
0	207.9, F	0.857	114.114	
0	263.4, F	0.684	114.156	
0	159.8, F	0.684	114.197	
0	174.1, F	0.165	114.239	
0	174.3, F	0.621	114.281	
0	163.5, F	0.155	114.323	
0	168.2, F	0.751	114.364	
0	215.6, F	1.903	114.406	
0	96.3, F	0.781	114.448	
0	206.9, F	0.82	114.489	
0	236.2, F	0.5	114.531	
0	135.6, F	0.859	114.573	
0	246.3, F	0.292	114.614	
0	220.8, F	0.769	114.656	
0	160.5, F	1.026	114.698	
0	243.0, F	0.995	114.740	
0	202.9, F	0.226	114.781	
0	217.3, F	0.669	114.823	
0	125.9, F	0.174	114.865	
0	196.1, F	0.64	114.906	
0	212.3, F	1.332	114.948	
0	247.3, F	1.022	114.990	
0	257.2, F	0.154	115.032	
0	123.0, F	1.005	115.073	
0	212.8, F	1.207	115.115	
0	232.1, F	0.681	115.157	
0	118.3, F	0.426	115.198	
0	177.9, F	0.724	115.240	
0	237.6, F	0.289	115.282	
0	205.5, F	0.558	115.324	
0	192.5, F	1.077	115.365	
0	221.6, F	0.662	115.407	
0	106.7, F	0.258	115.449	
0	236.9, F	0.921	115.490	
0	None	0	115.532	0.04200000000000159
0	225.6, F	0.287	115.574	
0	203.3, F	0.468	115.615	
0	145.6, F	0.88	115.657	
0	269.0, F	0.509	115.699	
0	140.1, F	0.4	115.741	
0	227.8, F	1.029	115.782	
0	63.4, F	0.208	115.824	
0	198.4, F	0.502	115.866	
0	193.7, F	0.72	115.907	
0	220.3, F	0.531	115.949	
0	181.3, F	0.779	115.991	
0	231.4, F	0.475	116.033	
0	277.1, F	0.909	116.074	
0	185.7, F	1.537	116.116	
0	271.2, F	0.788	116.158	
0	181.2, F	0.506	116.199	
0	181.4, F	0.868	116.241	
0	218.8, F	0.755	116.283	
0	266.6, F	0.907	116.325	
0	175.4, F	0.815	116.366	
0	226.9, F	0.477	116.408	
0	158.3, F	0.83	116.450	
0	258.0, F	0.915	116.491	
0	188.5, F	0.964	116.533	
0	211.7, F	0.729	116.575	
0	145.0, F	0.53	116.617	
0	209.9, F	1.236	116.658	
0	165.4, F	1.0	116.700	
0	184.4, F	0.628	116.742	
0	209.7, F	0.389	116.783	
0	204.4, F	1.034	116.825	
0	221.2, F	1.2	116.867	
0	186.6, F	0.485	116.908	
0	188.2, F	1.426	116.950	
0	262.0, F	0.784	116.992	
0	182.5, F	0.95	117.034	
0	214.8, F	0.911	117.075	
0	178.7, F	0.709	117.117	
0	195.8, F	1.527	117.159	
0	247.1, F	0.927	117.200	
0	184.6, F	1.206	117.242	
0	219.0, F	1.546	117.284	
0	253.4, F	0.392	117.326	
0	228.9, F	1.445	117.367	
0	152.8, F	0.653	117.409	
0	142.0, F	6.032	117.451	
0	202.9, F	0.823	117.492	
0	238.6, F	1.47	117.534	
0	236.3, F	1.852	117.576	
0	None	0	117.617	
0	None	0	117.659	
0	None	0	117.701	
0	None	0	117.743	
0	None	0	117.784	
0	None	0	117.826	
0	None	0	117.868	
0	None	0	117.909	
0	None	0	117.951	
0	None	0	117.993	
0	None	0	118.035	
0	None	0	118.076	
0	None	0	118.118	
0	None	0	118.160	
0	None	0	118.201	
0	None	0	118.243	0.6679999999999922
0	238.9, F	16.999	118.285	
0	260.1, F	1.35	118.327	
0	264.9, F	1.283	118.368	
0	282.0, F	1.39	118.410	
