0	788.674	536.001	0.042
0	789.257	536.044	0.083
0	788.650	536.054	0.125
0	788.913	536.115	0.167
0	789.319	536.102	0.209
0	788.839	536.291	0.250
0	788.960	536.930	0.292
0	789.632	536.466	0.334
0	789.522	536.077	0.375
0	789.221	535.598	0.417
0	788.441	536.005	0.459
0	787.970	535.800	0.500
0	788.466	535.817	0.542
0	786.955	534.421	0.584
0	788.742	535.574	0.626
0	787.673	535.066	0.667
0	788.326	534.621	0.709
0	788.012	535.069	0.751
0	788.362	535.019	0.792
0	787.740	534.641	0.834
0	788.563	534.756	0.876
0	788.413	534.948	0.918
0	788.432	535.278	0.959
0	788.514	535.707	1.001
0	789.089	536.425	1.043
0	789.841	536.312	1.084
0	789.958	536.340	1.126
0	792.234	535.675	1.168
0	792.691	536.190	1.210
0	792.068	535.322	1.251
0	792.122	535.328	1.293
0	775.170	522.264	1.335
0	774.369	521.654	1.376
0	774.266	520.981	1.418
0	773.782	520.560	1.460
0	773.961	519.207	1.502
0	774.116	518.104	1.543
0	772.765	516.870	1.585
0	773.521	516.337	1.627
0	773.346	514.639	1.668
0	773.112	513.876	1.710
0	772.634	513.115	1.752
0	772.875	511.788	1.793
0	772.862	511.711	1.835
0	772.655	510.850	1.877
0	772.395	509.655	1.919
0	772.262	508.663	1.960
0	771.478	507.953	2.002
0	771.352	507.525	2.044
0	771.376	505.918	2.085
0	770.659	505.724	2.127
0	770.783	504.486	2.169
0	770.286	503.146	2.211
0	769.191	501.669	2.252
0	768.939	501.153	2.294
0	769.024	499.913	2.336
0	767.929	499.767	2.377
0	768.173	498.712	2.419
0	767.226	497.784	2.461
0	766.777	496.778	2.502
0	766.877	495.906	2.544
0	766.761	494.970	2.586
0	766.448	494.003	2.628
0	765.807	492.157	2.669
0	765.865	491.578	2.711
0	765.661	490.877	2.753
0	765.410	490.603	2.794
0	764.836	489.714	2.836
0	765.002	489.200	2.878
0	763.698	487.567	2.920
0	763.815	487.570	2.961
0	763.600	486.520	3.003
0	762.786	485.716	3.045
0	761.999	485.289	3.086
0	761.724	484.050	3.128
0	760.855	483.104	3.170
0	760.850	482.398	3.212
0	760.100	482.260	3.253
0	759.287	481.416	3.295
0	758.711	481.238	3.337
0	758.904	480.347	3.378
0	759.072	479.687	3.420
0	757.712	479.484	3.462
0	758.056	478.800	3.503
0	756.915	478.392	3.545
0	757.521	477.260	3.587
0	757.021	476.319	3.629
0	756.248	475.614	3.670
0	755.833	475.150	3.712
0	756.237	474.210	3.754
0	755.581	473.595	3.795
0	755.315	473.164	3.837
0	754.816	472.146	3.879
0	754.738	471.690	3.921
0	754.594	471.810	3.962
0	753.914	471.732	4.004
0	753.953	470.931	4.046
0	753.013	470.613	4.087
0	751.757	469.660	4.129
0	751.790	469.468	4.171
0	751.066	468.739	4.213
0	749.924	468.235	4.254
0	749.226	467.868	4.296
0	748.122	467.305	4.338
0	747.131	466.445	4.379
0	746.298	466.177	4.421
0	746.121	465.618	4.463
0	745.270	465.650	4.505
0	744.686	465.433	4.546
0	744.484	464.606	4.588
0	743.626	464.550	4.630
0	742.875	464.363	4.671
0	742.618	463.682	4.713
0	741.702	463.668	4.755
0	740.858	463.058	4.796
0	740.120	462.099	4.838
0	738.323	461.541	4.880
0	737.292	461.276	4.922
0	736.577	460.449	4.963
0	735.688	460.207	5.005
0	735.233	459.312	5.047
0	734.046	459.141	5.088
0	732.832	458.761	5.130
0	733.056	458.948	5.172
0	731.315	458.959	5.214
0	730.689	458.979	5.255
0	730.469	458.114	5.297
0	729.010	457.031	5.339
0	727.387	457.135	5.380
0	726.629	456.969	5.422
0	726.226	457.067	5.464
0	724.643	456.369	5.505
0	723.772	456.408	5.547
0	723.081	456.348	5.589
0	721.248	456.058	5.631
0	720.532	455.808	5.672
0	720.380	456.053	5.714
0	719.086	455.029	5.756
0	717.738	454.717	5.797
0	717.733	454.999	5.839
0	716.486	454.932	5.881
0	715.327	454.285	5.923
0	713.725	453.176	5.964
0	713.296	452.290	6.006
0	711.830	452.000	6.048
0	711.003	451.282	6.089
0	709.151	451.184	6.131
0	708.243	450.878	6.173
0	707.230	451.083	6.215
0	706.236	449.971	6.256
0	705.378	450.191	6.298
0	704.673	448.998	6.340
0	704.260	448.823	6.381
0	705.976	446.491	6.423
0	706.062	445.504	6.465
0	704.159	445.289	6.506
0	703.396	444.542	6.548
0	702.359	444.604	6.590
0	700.903	444.250	6.632
0	697.638	445.004	6.673
0	696.931	444.390	6.715
0	696.063	444.485	6.757
0	693.942	444.101	6.798
0	693.941	443.351	6.840
0	692.913	442.824	6.882
0	691.703	442.746	6.924
0	690.519	441.835	6.965
0	689.367	441.135	7.007
0	687.706	439.818	7.049
0	687.429	439.921	7.090
0	686.224	439.558	7.132
0	685.100	438.855	7.174
0	683.774	438.698	7.216
0	683.017	438.367	7.257
0	681.438	437.538	7.299
0	680.605	437.364	7.341
0	679.680	436.737	7.382
0	678.457	436.805	7.424
0	676.797	436.603	7.466
0	676.053	435.935	7.507
0	674.177	435.942	7.549
0	672.870	435.718	7.591
0	672.192	435.278	7.633
0	670.910	434.484	7.674
0	670.486	434.405	7.716
0	668.825	434.195	7.758
0	668.116	433.532	7.799
0	666.349	433.565	7.841
0	665.083	433.169	7.883
0	663.842	432.219	7.925
0	663.489	431.497	7.966
0	661.117	431.334	8.008
0	659.580	430.648	8.050
0	658.691	430.614	8.091
0	657.754	430.293	8.133
0	657.003	429.405	8.175
0	655.061	429.131	8.217
0	653.959	428.294	8.258
0	653.858	427.947	8.300
0	653.210	428.091	8.342
0	651.034	426.819	8.383
0	650.020	427.133	8.425
0	648.334	426.279	8.467
0	647.281	426.435	8.508
0	646.028	426.365	8.550
0	644.478	426.194	8.592
0	647.591	435.089	8.634
0	646.854	433.488	8.675
0	647.145	433.531	8.717
0	646.588	433.339	8.759
0	646.977	433.235	8.800
0	647.651	433.221	8.842
0	647.484	433.130	8.884
0	647.421	432.745	8.926
0	647.490	433.323	8.967
0	648.353	435.735	9.009
0	633.353	421.484	9.051
0	633.478	422.600	9.092
0	633.517	422.123	9.134
0	633.332	421.058	9.176
0	631.898	420.601	9.218
0	631.891	420.366	9.259
0	631.840	418.542	9.301
0	629.476	419.502	9.343
0	630.529	418.843	9.384
0	629.443	419.233	9.426
0	627.346	419.435	9.468
0	625.884	418.807	9.509
0	624.814	419.057	9.551
0	624.257	418.741	9.593
0	622.719	417.925	9.635
0	620.325	417.097	9.676
0	619.685	416.044	9.718
0	619.638	415.905	9.760
0	618.100	416.440	9.801
0	617.443	416.740	9.843
0	615.893	416.457	9.885
0	615.302	415.892	9.927
0	613.907	414.543	9.968
0	611.950	414.586	10.010
0	610.683	414.546	10.052
0	609.327	414.471	10.093
0	608.669	413.700	10.135
0	608.069	413.436	10.177
0	605.826	413.156	10.219
0	604.244	412.707	10.260
0	604.365	412.825	10.302
0	602.501	412.072	10.344
0	602.406	410.570	10.385
0	600.371	410.945	10.427
0	599.615	409.391	10.469
0	597.708	409.739	10.511
0	595.906	409.784	10.552
0	594.390	409.041	10.594
0	593.787	408.775	10.636
0	592.171	409.045	10.677
0	591.323	407.849	10.719
0	589.894	407.339	10.761
0	588.359	407.066	10.802
0	587.824	406.384	10.844
0	585.859	406.183	10.886
0	584.591	405.240	10.928
0	584.055	404.593	10.969
0	581.945	404.222	11.011
0	581.136	403.497	11.053
0	580.622	403.262	11.094
0	580.499	402.964	11.136
0	575.751	395.530	11.178
0	574.538	395.821	11.220
0	573.785	393.812	11.261
0	572.214	393.517	11.303
0	571.879	393.464	11.345
0	570.243	393.291	11.386
0	569.768	392.892	11.428
0	568.130	392.666	11.470
0	567.141	392.744	11.511
0	565.749	393.223	11.553
0	564.943	392.296	11.595
0	564.028	393.000	11.637
0	559.808	400.782	11.678
0	560.067	400.429	11.720
0	558.799	400.196	11.762
0	558.936	399.400	11.803
0	559.506	398.744	11.845
0	559.193	398.282	11.887
0	558.491	397.140	11.929
0	558.874	397.334	11.970
0	557.507	397.241	12.012
0	557.302	397.193	12.054
0	556.198	397.279	12.095
0	555.517	397.253	12.137
0	555.039	397.213	12.179
0	553.992	397.386	12.221
0	553.188	397.248	12.262
0	552.879	397.407	12.304
0	551.823	397.685	12.346
0	551.224	398.253	12.387
0	550.613	398.207	12.429
0	550.105	398.379	12.471
0	548.874	398.955	12.512
0	548.145	398.934	12.554
0	547.668	399.412	12.596
0	547.157	400.833	12.638
0	546.213	400.621	12.679
0	545.588	402.144	12.721
0	545.080	402.216	12.763
0	544.275	402.503	12.804
0	543.708	403.308	12.846
0	543.731	403.708	12.888
0	543.178	404.540	12.930
0	541.567	405.336	12.971
0	540.785	405.782	13.013
0	539.105	407.324	13.055
0	538.774	407.623	13.096
0	538.668	408.974	13.138
0	538.510	409.149	13.180
0	538.273	410.041	13.222
0	537.593	410.681	13.263
0	537.350	412.313	13.305
0	536.886	412.745	13.347
0	535.932	414.061	13.388
0	535.604	414.276	13.430
0	535.540	415.491	13.472
0	535.364	416.713	13.513
0	535.140	418.007	13.555
0	534.936	418.340	13.597
0	534.524	419.839	13.639
0	535.145	420.522	13.680
0	534.661	422.106	13.722
0	535.005	422.718	13.764
0	534.229	424.447	13.805
0	534.362	425.386	13.847
0	534.328	426.213	13.889
0	534.343	427.221	13.931
0	533.853	428.059	13.972
0	532.168	429.525	14.014
0	531.876	431.106	14.056
0	531.731	431.933	14.097
0	531.550	433.140	14.139
0	531.396	434.491	14.181
0	531.134	435.877	14.223
0	531.386	436.451	14.264
0	531.312	438.158	14.306
0	531.595	439.071	14.348
0	531.944	439.875	14.389
0	531.667	440.305	14.431
0	531.348	441.944	14.473
0	531.666	442.552	14.514
0	530.961	444.327	14.556
0	530.009	445.461	14.598
0	529.897	446.852	14.640
0	530.380	447.335	14.681
0	530.538	448.902	14.723
0	531.089	449.443	14.765
0	530.341	450.893	14.806
0	530.843	451.567	14.848
0	529.982	452.785	14.890
0	530.049	454.084	14.932
0	530.384	454.554	14.973
0	530.861	456.514	15.015
0	530.795	457.369	15.057
0	530.036	458.630	15.098
0	530.369	460.221	15.140
0	530.471	461.454	15.182
0	530.377	462.690	15.224
0	530.358	464.210	15.265
0	530.631	464.640	15.307
0	530.112	466.191	15.349
0	529.862	466.371	15.390
0	528.929	467.477	15.432
0	528.922	468.512	15.474
0	529.108	469.920	15.515
0	529.558	470.220	15.557
0	529.698	471.843	15.599
0	530.316	472.346	15.641
0	529.957	474.072	15.682
0	529.794	474.672	15.724
0	528.980	476.365	15.766
0	529.275	477.018	15.807
0	529.628	477.753	15.849
0	529.572	479.301	15.891
0	529.794	479.876	15.933
0	528.964	479.999	15.974
0	528.553	481.702	16.016
0	528.718	483.267	16.058
0	529.174	483.840	16.099
0	528.614	483.949	16.141
0	528.433	485.341	16.183
0	527.877	486.610	16.225
0	527.350	487.995	16.266
0	528.277	488.491	16.308
0	527.538	489.801	16.350
0	528.307	490.231	16.391
0	527.522	491.563	16.433
0	527.425	492.833	16.475
0	527.581	493.170	16.517
0	527.131	494.349	16.558
0	526.697	495.748	16.600
0	527.045	497.462	16.642
0	526.996	498.066	16.683
0	527.061	498.809	16.725
0	526.568	499.887	16.767
0	526.911	501.542	16.808
0	525.735	503.364	16.850
0	526.572	503.898	16.892
0	526.554	504.239	16.934
0	526.072	505.758	16.975
0	525.722	507.332	17.017
0	526.318	507.849	17.059
0	526.092	508.254	17.100
0	525.632	509.959	17.142
0	526.231	510.725	17.184
0	525.431	512.476	17.226
0	525.806	513.242	17.267
0	525.104	513.943	17.309
0	525.233	514.718	17.351
0	524.947	516.563	17.392
0	524.809	517.186	17.434
0	524.689	517.764	17.476
0	524.933	519.539	17.517
0	524.379	520.026	17.559
0	524.593	520.491	17.601
0	524.712	522.317	17.643
0	525.067	523.016	17.684
0	524.557	523.795	17.726
0	524.496	525.570	17.768
0	524.585	526.659	17.809
0	525.183	527.658	17.851
0	524.977	528.371	17.893
0	524.878	529.035	17.935
0	525.190	529.972	17.976
0	525.021	531.052	18.018
0	525.376	532.048	18.060
0	525.734	532.812	18.101
0	525.940	533.428	18.143
0	525.062	534.702	18.185
0	524.871	535.737	18.227
0	524.493	536.580	18.268
0	525.287	536.887	18.310
0	525.079	537.465	18.352
0	525.128	538.824	18.393
0	525.781	537.767	18.435
0	525.039	537.722	18.477
0	525.234	537.210	18.518
0	525.391	536.692	18.560
0	525.585	537.002	18.602
0	525.697	536.491	18.644
0	525.892	536.704	18.685
0	525.083	536.871	18.727
0	525.043	536.173	18.769
0	525.101	536.402	18.810
0	525.145	536.638	18.852
0	524.920	536.773	18.894
0	524.736	536.806	18.936
0	525.122	536.107	18.977
0	524.961	535.980	19.019
0	524.771	535.858	19.061
0	525.240	535.823	19.102
0	525.010	535.686	19.144
0	524.894	536.394	19.186
0	524.702	536.210	19.228
0	525.250	536.187	19.269
0	524.998	536.040	19.311
0	524.718	535.987	19.353
0	525.040	535.997	19.394
0	524.570	535.934	19.436
0	524.806	535.964	19.478
0	518.100	567.488	19.520
0	517.957	568.551	19.561
0	518.536	569.943	19.603
0	518.394	571.254	19.645
0	518.392	571.545	19.686
0	518.156	573.125	19.728
0	518.145	573.568	19.770
0	518.119	575.240	19.811
0	518.549	575.846	19.853
0	518.854	577.705	19.895
0	519.409	578.264	19.937
0	519.248	578.867	19.978
0	519.060	580.242	20.020
0	519.135	580.549	20.062
0	519.284	581.465	20.103
0	519.793	582.377	20.145
0	519.807	582.503	20.187
0	519.838	584.021	20.229
0	519.643	584.048	20.270
0	519.569	584.883	20.312
0	518.692	586.473	20.354
0	519.462	587.635	20.395
0	517.981	588.933	20.437
0	518.290	590.118	20.479
0	517.508	590.061	20.520
0	517.518	591.159	20.562
0	517.827	592.000	20.604
0	517.704	593.785	20.646
0	517.657	594.180	20.687
0	517.361	594.301	20.729
0	517.145	595.015	20.771
0	516.554	595.255	20.812
0	516.489	596.467	20.854
0	516.595	597.208	20.896
0	516.565	597.635	20.938
0	516.163	598.911	20.979
0	516.093	599.692	21.021
0	515.833	599.951	21.063
0	516.056	600.840	21.104
0	515.250	601.005	21.146
0	515.051	600.878	21.188
0	514.253	602.235	21.230
0	513.991	602.181	21.271
0	513.936	602.483	21.313
0	512.550	603.840	21.355
0	512.557	604.060	21.396
0	512.418	603.803	21.438
0	512.047	603.486	21.480
0	511.989	603.942	21.521
0	511.477	603.085	21.563
0	511.754	602.777	21.605
0	511.416	602.216	21.647
0	511.736	599.870	21.688
0	511.380	598.589	21.730
0	511.460	598.507	21.772
0	512.005	599.252	21.813
0	511.183	598.752	21.855
0	511.290	597.969	21.897
0	511.450	597.587	21.939
0	511.954	597.629	21.980
0	511.363	596.845	22.022
0	512.585	595.191	22.064
0	512.791	595.296	22.105
0	512.709	595.058	22.147
0	512.453	594.256	22.189
0	512.447	593.917	22.231
0	514.044	592.236	22.272
0	513.348	591.857	22.314
0	513.342	591.111	22.356
0	513.553	590.792	22.397
0	515.274	589.111	22.439
0	514.324	588.653	22.481
0	514.755	588.801	22.523
0	515.880	586.274	22.564
0	515.405	585.849	22.606
0	516.633	584.046	22.648
0	516.433	583.681	22.689
0	516.769	583.542	22.731
0	517.242	581.912	22.773
0	516.469	580.946	22.814
0	516.886	580.670	22.856
0	516.832	578.608	22.898
0	516.931	577.840	22.940
0	517.279	576.697	22.981
0	516.988	575.316	23.023
0	517.702	574.005	23.065
0	517.604	572.505	23.106
0	517.296	572.023	23.148
0	517.095	570.532	23.190
0	516.624	569.727	23.232
0	516.902	568.583	23.273
0	517.096	567.041	23.315
0	516.599	565.418	23.357
0	516.845	564.796	23.398
0	517.027	563.819	23.440
0	516.499	562.136	23.482
0	517.042	560.851	23.523
0	516.272	560.016	23.565
0	517.262	558.233	23.607
0	517.361	556.935	23.649
0	517.220	556.710	23.690
0	517.232	555.204	23.732
0	517.202	553.628	23.774
0	516.762	553.193	23.815
0	518.186	551.124	23.857
0	518.020	549.867	23.899
0	517.505	549.287	23.941
0	518.202	547.488	23.982
0	517.911	545.730	24.024
0	518.083	545.009	24.066
0	517.744	542.785	24.107
0	518.461	542.572	24.149
0	518.700	540.986	24.191
0	518.688	540.302	24.233
0	519.050	537.983	24.274
0	521.215	534.557	24.316
0	520.225	534.012	24.358
0	519.656	533.701	24.399
0	520.798	533.504	24.441
0	520.664	533.183	24.483
0	521.517	531.816	24.524
0	521.379	531.037	24.566
0	521.786	529.090	24.608
0	522.797	527.339	24.650
0	522.737	526.904	24.691
0	522.548	526.300	24.733
0	522.393	524.401	24.775
0	522.031	523.540	24.816
0	521.568	522.660	24.858
0	521.882	521.869	24.900
0	523.065	519.755	24.942
0	522.672	518.131	24.983
0	522.862	516.551	25.025
0	522.773	515.854	25.067
0	523.388	514.609	25.108
0	523.292	512.920	25.150
0	523.614	511.869	25.192
0	523.880	510.210	25.234
0	524.305	508.284	25.275
0	524.376	507.143	25.317
0	524.741	505.520	25.359
0	524.830	504.723	25.400
0	525.119	503.801	25.442
0	525.231	502.169	25.484
0	525.406	500.217	25.525
0	525.594	499.535	25.567
0	525.860	498.887	25.609
0	525.953	498.092	25.651
0	526.371	496.208	25.692
0	526.564	495.101	25.734
0	527.208	493.580	25.776
0	527.413	492.548	25.817
0	527.738	490.807	25.859
0	528.298	489.485	25.901
0	528.204	487.682	25.943
0	528.382	487.058	25.984
0	528.959	485.158	26.026
0	530.612	483.758	26.068
0	530.106	483.526	26.109
0	530.115	482.112	26.151
0	530.363	480.573	26.193
0	530.431	480.098	26.235
0	531.017	478.513	26.276
0	530.693	477.754	26.318
0	532.534	476.188	26.360
0	532.699	474.469	26.401
0	532.998	473.942	26.443
0	534.007	472.977	26.485
0	533.608	471.826	26.526
0	533.835	471.349	26.568
0	534.113	469.340	26.610
0	533.488	468.365	26.652
0	533.796	467.367	26.693
0	534.504	466.202	26.735
0	534.353	464.469	26.777
0	533.760	463.653	26.818
0	534.420	462.423	26.860
0	534.131	460.669	26.902
0	533.237	459.816	26.944
0	533.332	458.938	26.985
0	533.813	457.884	27.027
0	534.144	456.609	27.069
0	533.312	454.904	27.110
0	533.100	454.468	27.152
0	533.152	452.664	27.194
0	533.104	452.048	27.236
0	533.212	450.056	27.277
0	533.355	448.812	27.319
0	533.107	448.101	27.361
0	533.193	446.277	27.402
0	532.805	445.449	27.444
0	533.012	444.997	27.486
0	532.338	444.285	27.527
0	532.574	442.669	27.569
0	532.233	441.700	27.611
0	531.642	440.722	27.653
0	531.549	439.851	27.694
0	531.286	439.082	27.736
0	531.339	437.231	27.778
0	530.900	436.261	27.819
0	532.731	435.068	27.861
0	532.898	434.339	27.903
0	532.643	433.761	27.945
0	531.522	432.596	27.986
0	531.151	431.130	28.028
0	530.663	429.701	28.070
0	531.128	429.254	28.111
0	530.608	427.627	28.153
0	530.440	426.698	28.195
0	530.244	425.452	28.237
0	529.796	424.061	28.278
0	529.609	422.609	28.320
0	528.445	422.589	28.362
0	528.212	421.434	28.403
0	527.564	420.234	28.445
0	527.168	418.978	28.487
0	526.026	419.278	28.528
0	525.281	417.351	28.570
0	524.568	416.459	28.612
0	524.323	415.713	28.654
0	524.091	414.592	28.695
0	522.289	413.912	28.737
0	521.667	412.944	28.779
0	521.052	412.277	28.820
0	519.942	410.877	28.862
0	520.095	410.633	28.904
0	519.208	408.938	28.946
0	518.508	408.694	28.987
0	518.473	407.304	29.029
0	517.982	406.502	29.071
0	517.841	405.710	29.112
0	517.447	405.327	29.154
0	516.987	404.938	29.196
0	516.885	405.356	29.238
0	515.796	403.729	29.279
0	515.292	403.760	29.321
0	513.619	402.261	29.363
0	513.590	401.603	29.404
0	512.891	401.200	29.446
0	512.726	400.576	29.488
0	511.740	400.583	29.529
0	492.002	399.019	29.571
0	491.997	399.036	29.613
0	492.970	399.060	29.655
0	492.916	399.082	29.696
0	492.667	399.061	29.738
0	492.424	399.013	29.780
0	492.219	398.969	29.821
0	492.004	399.928	29.863
0	491.817	399.911	29.905
0	492.584	399.896	29.947
0	492.009	399.857	29.988
0	491.201	399.686	30.030
0	491.367	399.495	30.072
0	491.582	399.173	30.113
0	491.781	398.865	30.155
0	491.795	399.527	30.197
0	491.821	399.194	30.239
0	491.715	398.884	30.280
0	491.635	399.557	30.322
0	491.359	399.137	30.364
0	491.091	398.790	30.405
0	490.806	399.380	30.447
0	491.575	399.010	30.489
0	491.355	398.664	30.530
0	491.159	399.279	30.572
0	491.044	399.168	30.614
0	490.930	399.036	30.656
0	491.565	398.949	30.697
0	491.245	399.852	30.739
0	490.949	399.748	30.781
0	491.511	399.655	30.822
0	491.200	399.525	30.864
0	490.876	399.406	30.906
0	491.536	399.281	30.948
0	491.232	399.150	30.989
0	490.962	398.948	31.031
0	491.644	399.737	31.073
0	491.351	399.540	31.114
0	491.109	399.360	31.156
0	464.418	392.947	31.198
0	463.503	393.042	31.240
0	462.757	392.018	31.281
0	463.940	392.247	31.323
0	463.525	391.639	31.365
0	463.686	391.982	31.406
0	463.823	391.162	31.448
0	463.747	391.695	31.490
0	464.947	391.788	31.531
0	464.563	391.534	31.573
0	464.331	391.608	31.615
0	464.793	391.865	31.657
0	464.321	391.882	31.698
0	464.110	392.081	31.740
0	464.713	392.258	31.782
0	464.205	391.419	31.823
0	463.712	391.342	31.865
0	463.434	391.343	31.907
0	464.330	391.577	31.949
0	464.121	391.722	31.990
0	463.671	391.567	32.032
0	463.861	391.442	32.074
0	463.309	390.503	32.115
0	463.602	390.569	32.157
0	463.114	390.837	32.199
0	463.436	391.090	32.241
0	434.035	384.526	32.282
0	433.006	384.194	32.324
0	430.844	382.194	32.366
0	429.692	381.977	32.407
0	428.313	381.092	32.449
0	428.204	380.548	32.491
0	427.341	380.772	32.532
0	425.959	380.124	32.574
0	424.596	379.432	32.616
0	423.952	379.352	32.658
0	422.640	378.505	32.699
0	421.477	377.091	32.741
0	421.126	376.639	32.783
0	419.611	376.475	32.824
0	419.609	375.994	32.866
0	417.531	374.653	32.908
0	417.894	374.860	32.950
0	415.353	373.366	32.991
0	414.721	372.298	33.033
0	414.170	371.378	33.075
0	413.067	370.492	33.116
0	413.046	370.930	33.158
0	411.793	369.720	33.200
0	410.748	368.583	33.242
0	410.821	368.204	33.283
0	409.196	366.133	33.325
0	408.223	365.519	33.367
0	406.819	364.876	33.408
0	406.120	363.777	33.450
0	405.332	363.652	33.492
0	405.083	363.197	33.533
0	403.250	361.439	33.575
0	402.312	360.875	33.617
0	401.317	360.330	33.659
0	400.296	358.686	33.700
0	399.215	358.122	33.742
0	397.328	356.554	33.784
0	396.576	356.320	33.825
0	395.356	354.873	33.867
0	394.819	354.299	33.909
0	393.950	353.845	33.951
0	393.679	353.041	33.992
0	392.877	351.390	34.034
0	391.920	350.685	34.076
0	390.644	349.882	34.117
0	390.672	349.014	34.159
0	389.689	347.078	34.201
0	388.628	345.979	34.243
0	387.836	344.847	34.284
0	386.416	343.663	34.326
0	385.947	343.425	34.368
0	384.893	342.658	34.409
0	384.370	342.565	34.451
0	383.891	341.342	34.493
0	383.728	340.130	34.535
0	382.699	339.067	34.576
0	381.685	338.082	34.618
0	380.632	337.017	34.660
0	379.505	335.943	34.701
0	378.383	335.952	34.743
0	377.244	335.092	34.785
0	376.072	333.366	34.826
0	375.093	332.909	34.868
0	374.689	332.655	34.910
0	374.362	331.375	34.952
0	373.407	330.245	34.993
0	372.701	329.241	35.035
0	372.233	328.122	35.077
0	371.018	326.931	35.118
0	369.842	326.645	35.160
0	369.484	325.334	35.202
0	368.288	324.261	35.244
0	367.344	323.370	35.285
0	366.566	322.860	35.327
0	365.843	322.811	35.369
0	365.516	321.910	35.410
0	364.318	321.165	35.452
0	362.836	319.687	35.494
0	362.434	319.228	35.535
0	361.219	318.112	35.577
0	360.040	316.984	35.619
0	358.982	316.947	35.661
0	358.778	316.116	35.702
0	357.536	314.446	35.744
0	356.161	314.236	35.786
0	355.068	313.407	35.827
0	353.977	312.689	35.869
0	353.869	312.365	35.911
0	353.124	311.324	35.953
0	351.789	310.358	35.994
0	351.698	309.733	36.036
0	350.854	309.338	36.078
0	350.387	308.015	36.119
0	349.174	306.899	36.161
0	348.342	307.379	36.203
0	347.707	306.401	36.245
0	347.504	305.644	36.286
0	346.449	305.648	36.328
0	345.685	305.548	36.370
0	345.093	304.882	36.411
0	343.826	304.677	36.453
0	343.720	304.000	36.495
0	342.768	304.013	36.536
0	341.895	302.697	36.578
0	341.523	302.859	36.620
0	340.446	302.625	36.662
0	339.776	302.229	36.703
0	339.786	301.343	36.745
0	338.900	301.085	36.787
0	338.624	300.272	36.828
0	337.667	300.209	36.870
0	337.275	299.734	36.912
0	336.532	299.814	36.954
0	336.413	299.441	36.995
0	335.870	298.705	37.037
0	335.999	298.098	37.079
0	335.835	296.996	37.120
0	335.201	297.143	37.162
0	334.230	295.871	37.204
0	333.970	296.214	37.246
0	334.335	295.222	37.287
0	333.285	294.861	37.329
0	332.943	294.897	37.371
0	333.245	294.754	37.412
0	332.129	294.201	37.454
0	331.621	293.403	37.496
0	331.580	293.099	37.538
0	330.891	292.520	37.579
0	330.842	292.444	37.621
0	330.387	292.061	37.663
0	329.336	291.009	37.704
0	328.796	290.640	37.746
0	328.332	290.579	37.788
0	327.288	290.174	37.829
0	326.850	289.094	37.871
0	326.949	288.823	37.913
0	326.960	288.995	37.955
0	326.353	288.990	37.996
0	325.590	288.658	38.038
0	325.689	288.256	38.080
0	325.837	287.544	38.121
0	325.890	287.555	38.163
0	325.715	287.088	38.205
0	325.629	286.427	38.247
0	325.374	286.462	38.288
0	325.154	286.525	38.330
0	324.793	286.546	38.372
0	325.407	286.814	38.413
0	325.104	287.191	38.455
0	324.611	287.156	38.497
0	324.961	287.900	38.538
0	325.162	288.844	38.580
0	324.493	289.244	38.622
0	324.818	289.402	38.664
0	324.975	289.410	38.705
0	324.954	289.850	38.747
0	325.055	290.828	38.789
0	324.340	291.903	38.830
0	327.810	293.804	38.872
0	328.679	294.299	38.914
0	328.947	294.518	38.956
0	329.091	295.267	38.997
0	328.859	295.420	39.039
0	329.799	296.295	39.081
0	329.775	296.974	39.122
0	329.929	298.140	39.164
0	330.028	298.103	39.206
0	329.124	298.858	39.248
0	329.785	299.987	39.289
0	329.902	301.009	39.331
0	330.071	301.080	39.373
0	329.774	301.892	39.414
0	330.351	303.568	39.456
0	330.293	304.023	39.498
0	330.233	304.491	39.539
0	329.988	305.436	39.581
0	330.822	306.425	39.623
0	330.392	307.143	39.665
0	330.054	307.773	39.706
0	330.339	309.092	39.748
0	330.701	309.299	39.790
0	331.739	309.661	39.831
0	331.715	310.742	39.873
0	331.711	311.715	39.915
0	332.143	312.773	39.957
0	331.955	313.637	39.998
0	332.891	314.361	40.040
0	333.501	314.661	40.082
0	333.203	315.542	40.123
0	333.029	316.107	40.165
0	333.420	316.508	40.207
0	333.828	317.587	40.249
0	334.486	318.257	40.290
0	334.353	318.624	40.332
0	334.458	319.698	40.374
0	334.635	320.512	40.415
0	335.445	320.856	40.457
0	335.349	321.879	40.499
0	335.347	322.512	40.541
0	335.876	322.845	40.582
0	336.755	324.006	40.624
0	336.533	323.757	40.666
0	336.793	325.155	40.707
0	337.070	325.188	40.749
0	336.401	325.945	40.791
0	337.126	327.235	40.832
0	336.905	327.239	40.874
0	337.547	328.005	40.916
0	337.562	328.353	40.958
0	337.641	329.632	40.999
0	337.616	330.483	41.041
0	337.702	331.100	41.083
0	338.102	331.599	41.124
0	337.630	332.830	41.166
0	338.087	334.077	41.208
0	337.581	334.100	41.250
0	338.160	334.688	41.291
0	338.341	336.148	41.333
0	338.716	336.331	41.375
0	339.456	337.193	41.416
0	339.728	337.639	41.458
0	340.408	338.833	41.500
0	340.310	339.716	41.541
0	340.505	340.459	41.583
0	340.920	341.119	41.625
0	341.981	341.474	41.667
0	342.527	342.544	41.708
0	342.305	343.403	41.750
0	342.332	344.223	41.792
0	342.827	345.074	41.833
0	343.826	345.754	41.875
0	344.449	347.022	41.917
0	344.517	347.123	41.959
0	344.625	348.117	42.000
0	345.169	348.835	42.042
0	345.252	350.762	42.084
0	345.308	351.670	42.125
0	346.057	352.318	42.167
0	346.425	353.257	42.209
0	347.987	353.177	42.251
0	349.230	354.127	42.292
0	349.396	354.323	42.334
0	349.498	355.079	42.376
0	349.886	355.213	42.417
0	350.114	355.855	42.459
0	349.784	356.659	42.501
0	350.572	356.837	42.542
0	350.217	357.418	42.584
0	350.385	357.345	42.626
0	350.568	357.494	42.668
0	351.012	357.934	42.709
0	349.990	358.503	42.751
0	351.156	358.508	42.793
0	350.216	358.661	42.834
0	349.879	358.945	42.876
0	349.809	359.513	42.918
0	349.278	359.616	42.960
0	348.357	359.826	43.001
0	348.097	360.644	43.043
0	347.259	360.584	43.085
0	346.716	360.477	43.126
0	346.855	360.548	43.168
0	346.866	361.357	43.210
0	346.108	361.011	43.252
0	345.312	361.789	43.293
0	344.544	362.461	43.335
0	344.063	362.673	43.377
0	342.884	362.946	43.418
0	343.228	363.708	43.460
0	341.976	363.919	43.502
0	341.912	364.824	43.544
0	341.648	365.347	43.585
0	340.339	365.443	43.627
0	340.032	366.211	43.669
0	338.859	366.482	43.710
0	339.572	367.340	43.752
0	338.394	367.431	43.794
0	338.231	367.840	43.835
0	337.887	368.771	43.877
0	337.841	368.786	43.919
0	337.613	369.328	43.961
0	336.719	369.197	44.002
0	336.495	369.807	44.044
0	336.012	370.857	44.086
0	334.847	371.171	44.127
0	334.563	370.647	44.169
0	334.266	371.686	44.211
0	333.858	371.906	44.253
0	333.738	372.232	44.294
0	334.746	371.992	44.336
0	334.671	372.986	44.378
0	334.602	372.936	44.419
0	334.628	373.063	44.461
0	334.587	372.266	44.503
0	334.447	372.629	44.544
0	334.341	372.974	44.586
0	334.018	373.525	44.628
0	333.743	373.039	44.670
0	334.455	372.787	44.711
0	334.583	373.228	44.753
0	334.402	372.971	44.795
0	334.198	373.670	44.836
0	334.240	373.572	44.878
0	334.375	373.454	44.920
0	334.440	373.449	44.962
0	334.635	373.403	45.003
0	333.473	376.052	45.045
0	333.423	375.701	45.087
0	333.355	376.365	45.128
0	333.366	376.146	45.170
0	333.829	376.070	45.212
0	334.552	375.893	45.254
0	334.389	376.635	45.295
0	334.313	376.505	45.337
0	334.320	376.776	45.379
0	334.426	377.099	45.420
0	334.581	376.661	45.462
0	334.793	376.973	45.504
0	334.869	376.867	45.545
0	335.166	376.041	45.587
0	334.604	375.128	45.629
0	335.123	375.139	45.671
0	334.938	375.378	45.712
0	335.729	375.816	45.754
0	335.763	376.476	45.796
0	335.861	376.362	45.837
0	335.977	376.263	45.879
0	336.098	376.314	45.921
0	335.232	376.365	45.963
0	335.426	376.458	46.004
0	335.745	376.521	46.046
0	336.010	376.593	46.088
0	335.330	376.670	46.129
0	335.470	376.881	46.171
0	335.645	377.093	46.213
0	335.864	376.376	46.255
0	335.880	376.574	46.296
0	336.084	376.780	46.338
0	335.290	376.849	46.380
0	335.504	376.883	46.421
0	335.697	376.875	46.463
0	335.937	376.851	46.505
0	336.247	376.704	46.547
0	335.440	376.569	46.588
0	335.633	376.425	46.630
0	335.813	376.286	46.672
0	335.857	375.967	46.713
0	335.753	376.638	46.755
0	335.628	376.304	46.797
0	335.501	376.043	46.838
0	335.148	375.565	46.880
0	335.029	376.179	46.922
0	334.861	375.709	46.964
0	335.807	376.160	47.005
0	335.637	375.549	47.047
0	335.505	375.902	47.089
0	335.572	376.316	47.130
0	335.437	375.834	47.172
0	335.475	376.185	47.214
0	335.534	375.597	47.256
0	335.653	375.933	47.297
0	336.019	376.300	47.339
0	335.619	375.231	47.381
0	336.117	375.391	47.422
0	335.765	375.050	47.464
0	336.788	374.392	47.506
0	336.797	374.567	47.547
0	336.628	374.239	47.589
0	336.784	373.365	47.631
0	337.489	372.378	47.673
0	337.502	371.753	47.714
0	337.736	371.508	47.756
0	337.946	370.553	47.798
0	338.144	370.252	47.839
0	338.096	368.631	47.881
0	338.046	368.350	47.923
0	338.215	367.390	47.965
0	338.919	366.553	48.006
0	339.116	366.388	48.048
0	338.836	365.067	48.090
0	339.824	363.834	48.131
0	340.025	363.551	48.173
0	339.479	362.150	48.215
0	340.119	360.390	48.257
0	340.147	359.120	48.298
0	340.234	357.626	48.340
0	340.130	356.545	48.382
0	339.820	355.435	48.423
0	340.635	354.151	48.465
0	340.522	352.777	48.507
0	340.324	352.080	48.548
0	340.062	350.705	48.590
0	339.929	350.235	48.632
0	340.762	348.667	48.674
0	340.694	347.569	48.715
0	340.496	346.173	48.757
0	340.174	344.168	48.799
0	339.912	342.975	48.840
0	340.203	342.121	48.882
0	339.614	340.291	48.924
0	339.672	339.173	48.966
0	339.678	338.064	49.007
0	339.732	336.598	49.049
0	339.439	335.723	49.091
0	339.183	334.571	49.132
0	338.882	333.266	49.174
0	339.187	331.398	49.216
0	337.988	330.303	49.258
0	338.202	328.865	49.299
0	337.179	328.320	49.341
0	336.549	326.600	49.383
0	336.311	325.859	49.424
0	335.519	324.842	49.466
0	335.039	323.670	49.508
0	334.130	322.175	49.550
0	333.675	320.512	49.591
0	333.476	319.724	49.633
0	332.530	318.689	49.675
0	331.668	317.218	49.716
0	331.283	315.880	49.758
0	330.157	315.070	49.800
0	329.425	313.477	49.841
0	329.274	312.681	49.883
0	328.236	311.852	49.925
0	327.488	310.924	49.967
0	327.073	310.036	50.008
0	326.087	308.011	50.050
0	325.274	306.974	50.092
0	324.588	306.555	50.133
0	324.010	305.181	50.175
0	322.569	303.728	50.217
0	321.991	303.469	50.259
0	321.287	302.275	50.300
0	319.543	301.342	50.342
0	318.781	300.598	50.384
0	318.170	299.861	50.425
0	317.031	298.495	50.467
0	316.121	297.108	50.509
0	315.159	295.695	50.550
0	314.234	295.217	50.592
0	313.370	293.678	50.634
0	312.215	293.298	50.676
0	311.186	291.893	50.717
0	310.380	291.375	50.759
0	309.336	289.784	50.801
0	308.348	289.149	50.842
0	307.358	287.362	50.884
0	306.278	286.551	50.926
0	305.403	285.494	50.968
0	304.474	284.183	51.009
0	303.495	282.740	51.051
0	302.432	282.504	51.093
0	301.478	281.311	51.134
0	300.550	280.369	51.176
0	299.674	279.364	51.218
0	298.654	278.492	51.260
0	297.219	277.479	51.301
0	295.631	276.542	51.343
0	294.896	275.688	51.385
0	294.008	275.076	51.426
0	291.943	273.366	51.468
0	291.719	273.057	51.510
0	290.278	271.803	51.551
0	288.517	271.805	51.593
0	287.573	270.930	51.635
0	286.531	270.280	51.677
0	285.269	268.832	51.718
0	283.726	268.602	51.760
0	282.883	267.377	51.802
0	282.014	266.425	51.843
0	280.340	265.572	51.885
0	279.425	264.933	51.927
0	278.341	264.510	51.969
0	277.067	263.176	52.010
0	275.404	262.050	52.052
0	274.684	260.971	52.094
0	273.748	260.939	52.135
0	272.511	260.267	52.177
0	271.374	259.074	52.219
0	269.314	257.798	52.261
0	267.926	257.979	52.302
0	266.455	256.841	52.344
0	265.297	256.723	52.386
0	264.043	256.028	52.427
0	263.158	254.924	52.469
0	261.726	255.260	52.511
0	260.670	253.713	52.552
0	259.609	253.579	52.594
0	258.219	252.739	52.636
0	256.378	252.404	52.678
0	255.348	251.161	52.719
0	254.077	250.039	52.761
0	252.623	249.182	52.803
0	251.923	248.807	52.844
0	250.891	248.589	52.886
0	249.642	247.823	52.928
0	248.230	247.258	52.970
0	246.577	246.248	53.011
0	245.758	245.816	53.053
0	245.321	245.849	53.095
0	243.525	245.001	53.136
0	242.393	243.816	53.178
0	240.757	244.014	53.220
0	239.638	242.788	53.262
0	238.013	242.767	53.303
0	236.304	242.486	53.345
0	235.245	241.604	53.387
0	233.776	241.302	53.428
0	232.991	240.506	53.470
0	231.941	240.097	53.512
0	230.320	238.884	53.553
0	228.455	238.996	53.595
0	227.200	238.309	53.637
0	225.452	237.221	53.679
0	224.271	236.514	53.720
0	222.834	236.299	53.762
0	222.148	235.544	53.804
0	220.091	235.358	53.845
0	218.997	234.489	53.887
0	218.488	234.310	53.929
0	216.292	233.453	53.971
0	214.736	233.210	54.012
0	213.553	232.379	54.054
0	211.722	232.311	54.096
0	210.426	231.527	54.137
0	209.061	231.540	54.179
0	207.461	231.078	54.221
0	206.670	230.280	54.263
0	205.692	229.887	54.304
0	204.534	230.053	54.346
0	202.651	228.928	54.388
0	201.777	229.277	54.429
0	200.634	227.735	54.471
0	199.096	227.472	54.513
0	197.677	226.396	54.554
0	197.095	225.659	54.596
0	195.773	225.419	54.638
0	194.853	224.069	54.680
0	196.761	230.958	54.721
0	196.761	230.958	54.763
0	196.761	230.958	54.805
0	196.761	230.958	54.846
0	196.761	230.958	54.888
0	196.761	230.958	54.930
0	196.761	230.958	54.972
0	196.761	230.958	55.013
0	196.761	230.958	55.055
0	196.761	230.958	55.097
0	196.761	230.958	55.138
0	196.761	230.958	55.180
0	196.761	230.958	55.222
0	196.761	230.958	55.264
0	196.761	230.958	55.305
0	178.286	201.729	55.347
0	178.753	200.945	55.389
0	177.593	200.274	55.430
0	176.898	198.232	55.472
0	176.294	197.681	55.514
0	176.298	196.738	55.555
0	174.973	195.217	55.597
0	174.474	193.191	55.639
0	174.781	193.331	55.681
0	173.115	191.289	55.722
0	172.432	190.303	55.764
0	171.834	189.011	55.806
0	171.757	187.532	55.847
0	171.206	186.455	55.889
0	169.690	184.767	55.931
0	169.253	183.769	55.973
0	169.075	182.594	56.014
0	168.223	181.035	56.056
0	167.478	179.042	56.098
0	168.390	179.197	56.139
0	167.203	177.185	56.181
0	166.572	175.566	56.223
0	166.759	175.189	56.265
0	166.749	173.285	56.306
0	166.037	171.616	56.348
0	165.140	170.735	56.390
0	165.018	169.611	56.431
0	165.072	167.872	56.473
0	163.315	165.934	56.515
0	164.233	165.219	56.556
0	162.770	163.245	56.598
0	163.213	162.117	56.640
0	161.792	160.719	56.682
0	161.798	160.010	56.723
0	161.412	158.148	56.765
0	159.937	157.063	56.807
0	158.983	154.855	56.848
0	157.892	152.724	56.890
0	158.377	151.769	56.932
0	156.960	149.963	56.974
0	155.540	148.784	57.015
0	155.625	147.095	57.057
0	155.480	145.273	57.099
0	154.533	143.673	57.140
0	154.633	143.098	57.182
0	153.843	140.750	57.224
0	152.595	139.813	57.266
0	153.000	137.619	57.307
0	151.594	136.530	57.349
0	151.441	135.088	57.391
0	151.109	133.601	57.432
0	149.649	132.464	57.474
0	149.270	130.907	57.516
0	148.438	129.162	57.557
0	147.854	128.398	57.599
0	146.747	127.270	57.641
0	146.543	125.590	57.683
0	145.164	124.138	57.724
0	144.217	122.617	57.766
0	143.729	121.842	57.808
0	143.715	120.546	57.849
0	143.146	118.615	57.891
0	141.953	117.579	57.933
0	141.339	115.665	57.975
0	141.505	115.212	58.016
0	140.886	112.795	58.058
0	139.853	112.046	58.100
0	139.998	109.412	58.141
0	138.337	108.480	58.183
0	137.877	106.773	58.225
0	137.520	106.568	58.267
0	137.233	104.657	58.308
0	136.415	103.925	58.350
0	135.930	101.799	58.392
0	134.803	101.174	58.433
0	134.775	99.027	58.475
0	133.924	97.367	58.517
0	131.961	95.896	58.558
0	131.205	95.042	58.600
0	131.018	93.135	58.642
0	129.526	91.362	58.684
0	129.586	90.801	58.725
0	128.923	90.007	58.767
0	127.191	88.702	58.809
0	126.979	87.186	58.850
0	125.866	85.153	58.892
0	125.253	83.922	58.934
0	124.919	82.238	58.976
0	123.472	81.346	59.017
0	123.364	80.106	59.059
0	122.734	78.654	59.101
0	122.495	78.341	59.142
0	121.456	77.002	59.184
0	120.453	76.621	59.226
0	119.894	75.231	59.268
0	118.190	73.509	59.309
0	117.912	72.813	59.351
0	117.056	71.658	59.393
0	116.236	70.326	59.434
0	115.641	69.009	59.476
0	115.121	68.719	59.518
0	113.980	67.485	59.559
0	113.328	66.555	59.601
0	112.896	65.857	59.643
0	111.644	65.393	59.685
0	111.607	63.827	59.726
0	111.170	63.519	59.768
0	110.457	62.087	59.810
0	110.468	60.672	59.851
0	110.205	60.429	59.893
0	109.267	59.243	59.935
0	109.394	58.419	59.977
0	108.945	57.786	60.018
0	107.664	57.448	60.060
0	108.443	56.718	60.102
0	107.939	56.642	60.143
0	107.293	56.163	60.185
0	107.225	54.727	60.227
0	106.079	54.646	60.269
0	106.172	54.617	60.310
0	104.735	53.173	60.352
0	104.755	53.021	60.394
0	104.488	52.417	60.435
0	103.517	52.654	60.477
0	103.248	52.505	60.519
0	102.482	51.944	60.560
0	101.782	51.976	60.602
0	101.462	51.881	60.644
0	100.705	51.262	60.686
0	99.885	50.384	60.727
0	98.367	50.301	60.769
0	98.267	49.945	60.811
0	97.400	50.750	60.852
0	97.085	50.464	60.894
0	96.313	50.471	60.936
0	95.985	50.540	60.978
0	95.402	50.798	61.019
0	95.496	50.986	61.061
0	95.480	51.382	61.103
0	99.651	53.651	61.144
0	99.713	53.758	61.186
0	100.052	53.905	61.228
0	99.816	54.309	61.270
0	100.660	54.131	61.311
0	100.825	54.321	61.353
0	101.342	54.848	61.395
0	101.328	55.793	61.436
0	101.874	56.346	61.478
0	102.364	56.628	61.520
0	102.926	57.269	61.561
0	103.070	57.994	61.603
0	103.537	59.538	61.645
0	104.487	60.001	61.687
0	105.222	60.813	61.728
0	105.368	61.146	61.770
0	105.620	61.367	61.812
0	106.153	62.222	61.853
0	105.672	63.089	61.895
0	106.248	63.712	61.937
0	106.091	65.611	61.979
0	106.899	66.550	62.020
0	106.850	67.919	62.062
0	108.433	69.045	62.104
0	108.373	69.052	62.145
0	108.934	70.186	62.187
0	109.071	71.171	62.229
0	110.025	71.935	62.271
0	111.098	73.671	62.312
0	111.903	74.329	62.354
0	112.560	75.112	62.396
0	114.185	75.894	62.437
0	114.204	77.961	62.479
0	114.397	79.416	62.521
0	115.066	79.735	62.562
0	115.377	81.287	62.604
0	116.246	81.968	62.646
0	116.772	83.932	62.688
0	117.707	85.452	62.729
0	118.583	86.151	62.771
0	119.148	87.700	62.813
0	119.686	89.681	62.854
0	120.882	90.931	62.896
0	121.066	92.758	62.938
0	122.454	93.576	62.980
0	123.431	94.914	63.021
0	124.678	96.365	63.063
0	125.772	96.897	63.105
0	126.282	98.769	63.146
0	126.986	99.969	63.188
0	127.831	101.532	63.230
0	129.782	102.390	63.272
0	130.566	103.859	63.313
0	131.057	105.708	63.355
0	131.283	107.087	63.397
0	131.944	107.699	63.438
0	132.201	109.589	63.480
0	133.033	111.068	63.522
0	133.995	111.551	63.563
0	134.779	113.741	63.605
0	136.566	114.751	63.647
0	136.844	116.699	63.689
0	137.883	118.056	63.730
0	137.670	118.658	63.772
0	139.239	120.766	63.814
0	139.547	122.186	63.855
0	141.104	122.689	63.897
0	141.059	124.522	63.939
0	141.672	125.389	63.981
0	143.101	127.240	64.022
0	143.253	128.253	64.064
0	144.360	129.915	64.106
0	145.237	131.791	64.147
0	145.837	132.840	64.189
0	147.123	134.039	64.231
0	147.020	134.682	64.273
0	147.050	136.889	64.314
0	147.623	138.842	64.356
0	148.956	140.075	64.398
0	149.338	140.663	64.439
0	150.369	142.802	64.481
0	151.055	144.612	64.523
0	151.581	145.655	64.564
0	152.403	147.361	64.606
0	152.943	148.049	64.648
0	153.175	149.010	64.690
0	154.158	151.112	64.731
0	155.205	151.434	64.773
0	155.759	153.070	64.815
0	156.749	153.690	64.856
0	157.196	155.682	64.898
0	157.284	157.080	64.940
0	158.151	157.393	64.982
0	158.447	159.337	65.023
0	160.048	160.395	65.065
0	159.802	161.907	65.107
0	160.908	163.491	65.148
0	160.910	164.075	65.190
0	161.372	165.102	65.232
0	161.837	166.385	65.274
0	163.090	167.800	65.315
0	163.004	169.675	65.357
0	163.247	170.809	65.399
0	164.725	171.665	65.440
0	165.497	173.161	65.482
0	165.862	173.442	65.524
0	165.995	175.228	65.566
0	167.108	175.769	65.607
0	167.477	177.647	65.649
0	168.796	178.240	65.691
0	169.633	179.111	65.732
0	169.804	180.026	65.774
0	169.986	181.418	65.816
0	169.801	183.028	65.857
0	171.475	183.536	65.899
0	171.201	185.400	65.941
0	171.608	186.707	65.983
0	172.609	188.154	66.024
0	172.971	188.271	66.066
0	172.739	189.680	66.108
0	173.776	191.601	66.149
0	174.658	192.371	66.191
0	175.071	193.394	66.233
0	174.449	194.637	66.275
0	175.330	196.352	66.316
0	175.733	196.733	66.358
0	176.089	198.648	66.400
0	176.007	199.794	66.441
0	176.740	201.375	66.483
0	178.410	201.891	66.525
0	178.471	203.796	66.566
0	179.108	204.598	66.608
0	179.078	205.570	66.650
0	179.267	206.803	66.692
0	179.876	208.587	66.733
0	179.917	209.003	66.775
0	180.463	211.020	66.817
0	181.971	211.168	66.858
0	181.762	212.434	66.900
0	182.965	213.736	66.942
0	182.573	215.346	66.984
0	184.149	215.962	67.025
0	183.682	217.953	67.067
0	185.075	218.602	67.109
0	184.905	219.337	67.150
0	184.674	220.228	67.192
0	184.613	221.494	67.234
0	184.961	222.918	67.276
0	184.938	224.208	67.317
0	185.647	224.967	67.359
0	186.187	226.467	67.401
0	186.146	226.774	67.442
0	185.626	228.025	67.484
0	186.245	228.599	67.526
0	185.396	229.789	67.567
0	185.615	231.431	67.609
0	186.296	232.179	67.651
0	186.320	232.890	67.693
0	185.839	234.717	67.734
0	186.015	235.853	67.776
0	185.741	236.856	67.818
0	185.959	238.298	67.859
0	185.484	238.671	67.901
0	185.949	239.891	67.943
0	185.951	240.537	67.985
0	185.891	241.085	68.026
0	185.438	241.469	68.068
0	185.088	243.297	68.110
0	184.631	243.536	68.151
0	183.906	245.543	68.193
0	182.990	245.694	68.235
0	181.521	247.509	68.277
0	181.399	247.749	68.318
0	180.471	249.432	68.360
0	180.056	249.761	68.402
0	179.042	250.331	68.443
0	178.380	250.671	68.485
0	178.508	252.069	68.527
0	178.311	252.047	68.569
0	178.017	252.714	68.610
0	180.005	250.774	68.652
0	179.668	251.193	68.694
0	180.003	251.496	68.735
0	179.354	251.657	68.777
0	179.715	252.190	68.819
0	180.058	252.669	68.860
0	179.796	252.760	68.902
0	180.402	253.252	68.944
0	180.020	252.648	68.986
0	179.717	252.446	69.027
0	180.271	252.540	69.069
0	180.131	252.591	69.111
0	179.725	252.418	69.152
0	180.275	252.378	69.194
0	168.567	269.576	69.236
0	169.134	269.786	69.278
0	168.803	269.941	69.319
0	169.510	270.120	69.361
0	169.113	269.105	69.403
0	168.737	269.094	69.444
0	168.999	268.950	69.486
0	168.565	269.143	69.528
0	169.174	269.324	69.569
0	169.543	269.279	69.611
0	169.019	269.268	69.653
0	168.885	269.272	69.695
0	169.759	269.117	69.736
0	169.709	269.017	69.778
0	169.677	268.905	69.820
0	169.670	269.897	69.861
0	169.744	269.874	69.903
0	169.679	269.785	69.945
0	170.254	270.075	69.987
0	169.261	269.050	70.028
0	169.552	269.249	70.070
0	169.724	269.324	70.112
0	169.852	269.380	70.153
0	169.927	269.501	70.195
0	170.019	269.651	70.237
0	169.233	269.827	70.279
0	169.511	269.938	70.320
0	169.737	270.034	70.362
0	169.837	269.167	70.404
0	169.981	269.326	70.445
0	170.237	269.404	70.487
0	169.423	269.423	70.529
0	169.585	269.429	70.570
0	160.100	286.978	70.612
0	160.320	288.096	70.654
0	159.941	288.840	70.696
0	159.243	291.918	70.737
0	158.290	293.174	70.779
0	157.338	294.179	70.821
0	156.875	295.340	70.862
0	157.083	296.835	70.904
0	155.974	298.238	70.946
0	156.149	298.876	70.988
0	155.418	300.082	71.029
0	155.425	300.255	71.071
0	154.931	301.279	71.113
0	155.082	302.398	71.154
0	153.898	303.410	71.196
0	154.298	304.687	71.238
0	153.646	306.251	71.280
0	152.678	306.766	71.321
0	152.651	308.521	71.363
0	152.827	309.268	71.405
0	152.892	309.916	71.446
0	150.010	312.936	71.488
0	150.910	313.654	71.530
0	150.474	313.304	71.572
0	149.927	313.596	71.613
0	150.145	314.510	71.655
0	149.042	315.031	71.697
0	157.074	327.806	71.738
0	156.790	328.916	71.780
0	157.118	329.664	71.822
0	155.975	329.433	71.863
0	155.472	330.059	71.905
0	156.973	333.235	71.947
0	156.247	334.110	71.989
0	156.251	333.959	72.030
0	156.307	333.993	72.072
0	155.985	334.525	72.114
0	156.751	334.339	72.155
0	156.658	334.734	72.197
0	156.484	335.765	72.239
0	156.182	336.004	72.281
0	155.699	335.809	72.322
0	155.788	338.034	72.364
0	155.849	338.367	72.406
0	154.965	339.337	72.447
0	155.005	339.552	72.489
0	155.113	339.989	72.531
0	155.208	339.588	72.572
0	155.322	340.675	72.614
0	151.826	346.663	72.656
0	150.790	347.880	72.698
0	151.076	349.450	72.739
0	150.143	349.753	72.781
0	150.345	350.104	72.823
0	150.354	350.475	72.864
0	151.661	343.154	72.906
0	151.821	344.061	72.948
0	151.610	343.923	72.990
0	151.915	345.057	73.031
0	150.723	346.027	73.073
0	151.794	345.945	73.115
0	150.679	348.147	73.156
0	150.318	348.943	73.198
0	150.154	349.016	73.240
0	149.879	348.908	73.282
0	149.766	349.198	73.323
0	150.807	348.247	73.365
0	150.862	348.162	73.407
0	149.894	348.420	73.448
0	150.077	349.376	73.490
0	150.093	348.578	73.532
0	150.047	349.314	73.573
0	151.144	349.308	73.615
0	152.106	361.753	73.657
0	152.587	363.298	73.699
0	153.579	363.983	73.740
0	153.376	365.006	73.782
0	154.915	365.856	73.824
0	154.601	366.712	73.865
0	155.072	368.729	73.907
0	155.153	368.731	73.949
0	154.702	370.340	73.991
0	155.684	370.790	74.032
0	155.162	372.291	74.074
0	154.459	373.216	74.116
0	154.436	374.227	74.157
0	154.037	374.878	74.199
0	150.030	377.094	74.241
0	150.759	377.048	74.283
0	150.936	378.060	74.324
0	150.779	379.082	74.366
0	150.141	379.943	74.408
0	150.593	381.482	74.449
0	151.213	382.112	74.491
0	150.934	382.761	74.533
0	151.629	384.628	74.575
0	150.228	384.663	74.616
0	149.502	386.399	74.658
0	148.801	387.281	74.700
0	148.146	388.197	74.741
0	146.941	388.826	74.783
0	147.773	390.268	74.825
0	147.746	390.656	74.866
0	147.620	391.785	74.908
0	147.527	392.732	74.950
0	147.337	393.769	74.992
0	146.629	394.425	75.033
0	145.889	394.666	75.075
0	145.186	395.565	75.117
0	144.338	396.416	75.158
0	143.498	396.779	75.200
0	142.753	397.945	75.242
0	142.555	398.484	75.284
0	140.333	398.706	75.325
0	139.426	399.681	75.367
0	137.444	399.868	75.409
0	138.112	401.066	75.450
0	137.286	400.836	75.492
0	136.776	401.927	75.534
0	136.765	402.813	75.575
0	135.730	403.202	75.617
0	134.757	403.399	75.659
0	134.254	404.174	75.701
0	132.891	404.830	75.742
0	132.215	405.768	75.784
0	130.502	406.439	75.826
0	129.559	406.372	75.867
0	127.974	406.414	75.909
0	128.235	406.657	75.951
0	127.422	407.673	75.993
0	127.134	407.752	76.034
0	126.101	408.428	76.076
0	125.431	408.215	76.118
0	127.622	405.759	76.159
0	127.071	406.545	76.201
0	121.483	417.417	76.243
0	121.060	416.376	76.285
0	119.160	415.756	76.326
0	117.628	415.002	76.368
0	116.545	412.838	76.410
0	114.531	410.957	76.451
0	109.489	406.090	76.493
0	107.565	404.969	76.535
0	107.414	405.880	76.576
0	106.436	405.790	76.618
0	105.269	405.677	76.660
0	104.580	405.940	76.702
0	104.099	406.188	76.743
0	103.885	405.380	76.785
0	102.657	405.701	76.827
0	101.760	405.880	76.868
0	100.292	405.512	76.910
0	99.408	405.540	76.952
0	99.711	405.025	76.994
0	99.117	403.519	77.035
0	100.004	403.579	77.077
0	98.895	404.271	77.119
0	98.895	403.469	77.160
0	98.357	403.134	77.202
0	98.536	402.592	77.244
0	96.932	401.942	77.286
0	96.768	402.025	77.327
0	96.449	401.991	77.369
0	95.250	401.622	77.411
0	94.725	400.946	77.452
0	94.611	400.931	77.494
0	94.057	400.512	77.536
0	94.311	400.074	77.578
0	93.412	400.242	77.619
0	93.385	400.338	77.661
0	92.927	400.032	77.703
0	93.125	399.459	77.744
0	93.315	398.636	77.786
0	93.471	398.688	77.828
0	92.925	398.667	77.869
0	93.393	398.808	77.911
0	93.903	398.890	77.953
0	92.745	398.520	77.995
0	93.231	399.065	78.036
0	93.469	399.728	78.078
0	92.473	399.270	78.120
0	92.541	399.868	78.161
0	92.574	399.352	78.203
0	92.510	399.231	78.245
0	92.654	399.366	78.287
0	91.898	399.538	78.328
0	91.464	398.558	78.370
0	91.680	399.367	78.412
0	91.739	399.156	78.453
0	91.961	400.048	78.495
0	91.745	399.213	78.537
0	91.282	399.282	78.578
0	91.503	399.235	78.620
0	91.409	399.033	78.662
0	91.459	399.560	78.704
0	91.574	398.617	78.745
0	91.467	398.397	78.787
0	91.502	398.867	78.829
0	91.349	398.569	78.870
0	91.218	398.305	78.912
0	91.114	398.871	78.954
0	91.048	398.505	78.996
0	91.203	398.847	79.037
0	91.335	398.203	79.079
0	91.467	398.420	79.121
0	91.704	398.581	79.162
0	90.995	397.637	79.204
0	91.250	397.691	79.246
0	91.541	397.582	79.288
0	91.674	397.316	79.329
0	91.728	398.544	79.371
0	92.046	397.827	79.413
0	92.399	397.972	79.454
0	92.712	398.011	79.496
0	92.320	397.753	79.538
0	92.769	397.712	79.579
0	92.271	397.645	79.621
0	92.753	397.352	79.663
0	92.163	397.491	79.705
0	92.539	397.714	79.746
0	92.071	397.647	79.788
0	92.471	397.814	79.830
0	92.238	397.844	79.871
0	92.788	397.714	79.913
0	92.439	397.536	79.955
0	92.146	397.333	79.997
0	92.740	397.960	80.038
0	92.328	397.299	80.080
0	92.975	397.447	80.122
0	92.653	396.526	80.163
0	92.429	396.488	80.205
0	92.302	396.230	80.247
0	92.802	396.607	80.289
0	92.355	395.792	80.330
0	92.608	395.465	80.372
0	91.748	395.029	80.414
0	91.690	395.143	80.455
0	91.391	395.126	80.497
0	91.876	394.807	80.539
0	91.312	394.193	80.581
0	91.492	394.217	80.622
0	90.297	394.100	80.664
0	90.824	393.531	80.706
0	90.341	392.722	80.747
0	90.619	392.640	80.789
0	90.077	392.295	80.831
0	90.151	392.497	80.872
0	90.346	391.614	80.914
0	90.216	391.353	80.956
0	90.143	390.992	80.998
0	90.043	391.249	81.039
0	89.834	391.370	81.081
0	89.885	390.626	81.123
0	89.920	390.797	81.164
0	89.977	390.921	81.206
0	90.194	391.198	81.248
0	90.493	391.432	81.290
0	89.884	390.912	81.331
0	90.193	391.382	81.373
0	90.574	391.025	81.415
0	90.046	391.571	81.456
0	90.500	391.312	81.498
0	89.963	391.877	81.540
0	90.396	391.549	81.581
0	90.831	391.336	81.623
0	90.402	392.112	81.665
0	90.952	391.901	81.707
0	90.503	391.764	81.748
0	90.051	391.678	81.790
0	90.571	391.647	81.832
0	90.222	391.629	81.873
0	90.896	391.749	81.915
0	90.604	391.886	81.957
0	90.361	392.068	81.999
0	91.265	392.205	82.040
0	91.255	392.349	82.082
0	91.275	392.377	82.124
0	91.335	391.478	82.165
0	91.609	391.538	82.207
0	90.990	391.570	82.249
0	91.333	391.433	82.291
0	91.709	391.305	82.332
0	91.143	392.044	82.374
0	91.377	391.752	82.416
0	91.521	391.222	82.457
0	90.868	391.670	82.499
0	91.187	391.021	82.541
0	91.492	391.316	82.582
0	90.706	391.447	82.624
0	90.915	390.614	82.666
0	91.252	390.581	82.708
0	91.613	390.514	82.749
0	91.015	390.367	82.791
0	91.158	390.224	82.833
0	91.226	390.731	82.874
0	91.270	390.138	82.916
0	91.258	390.340	82.958
0	90.954	390.460	83.000
0	90.560	389.634	83.041
0	90.056	389.623	83.083
0	90.468	389.385	83.125
0	89.691	388.984	83.166
0	89.867	389.404	83.208
0	90.087	388.602	83.250
0	90.475	388.572	83.292
0	89.995	388.216	83.333
0	90.595	388.629	83.375
0	90.245	387.818	83.417
0	90.736	387.927	83.458
0	90.349	387.927	83.500
0	91.036	387.932	83.542
0	90.766	387.938	83.584
0	90.507	387.926	83.625
0	90.448	387.931	83.667
0	90.376	387.999	83.709
0	91.292	388.119	83.750
0	91.401	388.422	83.792
0	91.510	387.789	83.834
0	90.780	388.388	83.875
0	91.014	388.057	83.917
0	91.275	388.861	83.959
0	91.601	388.667	84.001
0	90.985	388.525	84.042
0	91.532	388.422	84.084
0	91.141	388.362	84.126
0	91.695	388.305	84.167
0	91.262	389.310	84.209
0	91.785	389.297	84.251
0	91.216	389.376	84.293
0	91.638	388.486	84.334
0	91.092	388.610	84.376
0	91.428	388.595	84.418
0	90.665	388.583	84.459
0	90.956	388.409	84.501
0	91.177	388.271	84.543
0	91.391	389.086	84.584
0	91.633	388.929	84.626
0	90.931	388.778	84.668
0	91.271	388.632	84.710
0	91.583	388.470	84.751
0	91.025	388.310	84.793
0	91.718	389.090	84.835
0	91.159	388.899	84.876
0	91.555	388.700	84.918
0	90.992	388.537	84.960
0	91.533	388.340	85.002
0	91.101	389.079	85.043
0	91.568	388.899	85.085
0	91.152	388.685	85.127
0	91.711	388.483	85.168
0	91.310	388.273	85.210
0	91.762	389.158	85.252
0	91.283	389.111	85.294
0	91.768	389.075	85.335
0	91.290	389.035	85.377
0	91.788	389.038	85.419
0	91.289	388.983	85.460
0	91.736	388.983	85.502
0	90.943	389.025	85.544
0	91.093	389.067	85.585
0	91.161	389.087	85.627
0	91.031	389.156	85.669
0	90.950	389.122	85.711
0	90.823	389.102	85.752
0	90.878	389.019	85.794
0	90.917	388.946	85.836
0	90.961	388.857	85.877
0	91.097	388.791	85.919
0	91.217	388.593	85.961
0	91.346	388.381	86.003
0	91.549	388.066	86.044
0	90.853	388.727	86.086
0	91.146	388.401	86.128
0	91.412	388.095	86.169
0	90.699	388.799	86.211
0	90.946	388.700	86.253
0	91.234	388.647	86.295
0	91.557	388.725	86.336
0	90.990	388.761	86.378
0	91.661	388.867	86.420
0	91.409	388.954	86.461
0	91.400	389.097	86.503
0	92.371	389.251	86.545
0	92.382	389.372	86.587
0	92.531	388.448	86.628
0	91.655	388.368	86.670
0	91.818	388.249	86.712
0	91.968	389.028	86.753
0	92.105	388.832	86.795
0	92.234	388.671	86.837
0	92.529	388.471	86.878
0	91.895	388.292	86.920
0	92.230	389.059	86.962
0	92.537	388.853	87.004
0	91.871	388.614	87.045
0	92.178	388.422	87.087
0	92.462	388.245	87.129
0	91.763	389.027	87.170
0	92.045	388.856	87.212
0	92.316	388.660	87.254
0	92.572	388.475	87.296
0	91.869	388.286	87.337
0	91.972	389.062	87.379
0	92.111	388.825	87.421
0	92.121	388.558	87.462
0	92.297	388.307	87.504
0	92.487	389.144	87.546
0	91.704	389.011	87.587
0	91.963	389.001	87.629
0	92.494	388.924	87.671
0	92.051	388.858	87.713
0	92.542	388.659	87.754
0	92.087	388.479	87.796
0	92.800	387.992	87.838
0	92.390	388.513	87.879
0	92.855	388.072	87.921
0	92.334	388.599	87.963
0	92.802	388.021	88.005
0	92.130	388.442	88.046
0	92.395	387.820	88.088
0	92.914	388.167	88.130
0	92.313	388.419	88.171
0	92.683	387.735	88.213
0	92.115	388.013	88.255
0	92.431	388.296	88.297
0	91.708	388.583	88.338
0	91.927	387.915	88.380
0	92.096	388.181	88.422
0	92.160	388.483	88.463
0	92.187	387.808	88.505
0	92.233	388.090	88.547
0	92.216	388.368	88.588
0	92.105	387.753	88.630
0	92.175	388.092	88.672
0	92.321	388.493	88.714
0	92.690	387.857	88.755
0	92.161	388.339	88.797
0	92.692	388.731	88.839
0	92.220	388.192	88.880
0	92.502	388.612	88.922
0	91.836	388.090	88.964
0	92.053	388.465	89.006
0	92.290	387.978	89.047
0	92.693	388.341	89.089
0	92.083	388.648	89.131
0	92.448	388.030	89.172
0	91.865	388.408	89.214
0	92.244	387.840	89.256
0	92.507	388.256	89.298
0	91.788	388.571	89.339
0	92.067	387.964	89.381
0	92.229	388.244	89.423
0	92.367	388.557	89.464
0	92.480	387.903	89.506
0	91.832	388.231	89.548
0	92.142	388.473	89.590
0	92.435	387.764	89.631
0	91.761	388.000	89.673
0	92.069	388.233	89.715
0	92.298	388.428	89.756
0	92.730	387.705	89.798
0	92.195	387.971	89.840
0	92.628	388.212	89.881
0	92.105	388.444	89.923
0	92.298	387.718	89.965
0	92.652	388.001	90.007
0	92.040	388.251	90.048
0	92.156	388.554	90.090
0	92.416	387.963	90.132
0	91.715	388.354	90.173
0	91.992	387.798	90.215
0	92.131	388.295	90.257
0	92.178	388.807	90.299
0	92.363	388.385	90.340
0	92.383	388.088	90.382
0	92.397	388.844	90.424
0	92.598	388.615	90.465
0	91.841	388.399	90.507
0	92.004	388.095	90.549
0	92.063	388.772	90.590
0	92.096	388.446	90.632
0	92.133	388.154	90.674
0	92.011	388.846	90.716
0	91.796	388.639	90.757
0	91.597	388.442	90.799
0	91.578	388.267	90.841
0	91.535	389.046	90.882
0	91.457	388.865	90.924
0	91.396	388.691	90.966
0	92.363	388.531	91.008
0	92.213	388.386	91.049
0	92.112	388.277	91.091
0	92.008	389.123	91.133
0	91.938	389.028	91.174
0	91.841	388.933	91.216
0	91.677	388.840	91.258
0	91.503	388.728	91.300
0	91.394	388.638	91.341
0	92.245	388.549	91.383
0	92.063	388.464	91.425
0	91.918	388.374	91.466
0	91.957	388.290	91.508
0	91.903	389.002	91.550
0	91.839	388.740	91.591
0	91.786	388.464	91.633
0	91.750	388.190	91.675
0	91.681	388.818	91.717
0	91.661	388.460	91.758
0	91.719	387.824	91.800
0	91.824	388.192	91.842
0	91.856	388.505	91.883
0	91.956	387.931	91.925
0	92.056	388.317	91.967
0	92.009	388.953	92.009
0	91.962	388.621	92.050
0	91.906	388.371	92.092
0	91.828	388.111	92.134
0	91.544	388.806	92.175
0	91.119	388.443	92.217
0	91.672	388.100	92.259
0	91.306	388.419	92.301
0	91.511	388.040	92.342
0	90.735	388.641	92.384
0	90.883	388.375	92.426
0	90.909	387.956	92.467
0	91.085	388.626	92.509
0	91.454	388.382	92.551
0	90.876	388.132	92.593
0	91.288	388.791	92.634
0	91.958	388.375	92.676
0	91.843	387.855	92.718
0	91.682	388.469	92.759
0	91.522	388.103	92.801
0	91.469	388.757	92.843
0	91.263	388.382	92.884
0	92.060	388.175	92.926
0	91.998	388.896	92.968
0	91.934	388.724	93.010
0	91.637	388.489	93.051
0	91.333	388.357	93.093
0	91.811	388.319	93.135
0	91.313	389.239	93.176
0	91.664	389.112	93.218
0	90.757	388.965	93.260
0	90.819	388.750	93.302
0	90.755	388.473	93.343
0	90.535	388.014	93.385
0	90.356	388.640	93.427
0	90.930	388.232	93.468
0	90.446	389.097	93.510
0	89.980	388.822	93.552
0	90.619	388.576	93.593
0	90.254	388.327	93.635
0	90.854	389.046	93.677
0	90.476	388.773	93.719
0	90.200	388.469	93.760
0	90.900	388.174	93.802
0	90.825	389.000	93.844
0	90.739	388.813	93.885
0	90.660	388.632	93.927
0	90.581	388.454	93.969
0	90.552	388.316	94.011
0	90.357	389.033	94.052
0	90.941	388.744	94.094
0	90.550	388.472	94.136
0	90.175	388.214	94.177
0	90.750	388.837	94.219
0	90.196	388.646	94.261
0	90.610	388.459	94.303
0	90.066	388.284	94.344
0	90.407	389.063	94.386
0	90.861	389.006	94.428
0	90.409	388.872	94.469
0	89.975	388.756	94.511
0	90.453	388.800	94.553
0	89.964	388.839	94.594
0	90.458	388.769	94.636
0	89.958	388.784	94.678
0	90.414	388.782	94.720
0	89.731	388.738	94.761
0	90.008	388.679	94.803
0	90.268	388.624	94.845
0	90.504	388.536	94.886
0	89.770	388.445	94.928
0	89.989	388.351	94.970
0	90.322	388.257	95.012
0	90.729	389.036	95.053
0	90.137	388.874	95.095
0	90.798	388.624	95.137
0	90.453	388.383	95.178
0	90.224	387.975	95.220
0	90.897	388.481	95.262
0	90.290	387.905	95.304
0	90.484	388.341	95.345
0	89.653	388.714	95.387
0	89.720	388.124	95.429
0	89.758	388.520	95.470
0	89.800	387.994	95.512
0	89.847	388.577	95.554
0	89.884	388.181	95.596
0	89.976	388.725	95.637
0	90.065	388.288	95.679
0	90.240	388.746	95.721
0	90.522	388.219	95.762
0	90.005	388.693	95.804
0	90.709	388.105	95.846
0	90.649	388.479	95.887
0	90.614	387.865	95.929
0	90.584	388.096	95.971
0	90.801	388.340	96.013
0	90.997	388.562	96.054
0	91.248	387.795	96.096
0	91.494	387.993	96.138
0	90.568	388.185	96.179
0	90.646	388.329	96.221
0	90.676	388.438	96.263
0	90.697	387.577	96.305
0	90.727	387.699	96.346
0	90.752	387.822	96.388
0	90.808	387.900	96.430
0	90.843	387.980	96.471
0	90.805	388.043	96.513
0	90.621	388.132	96.555
0	90.355	388.220	96.596
0	91.010	388.303	96.638
0	90.298	388.398	96.680
0	90.583	387.542	96.722
0	89.852	387.657	96.763
0	90.119	387.784	96.805
0	90.341	387.894	96.847
0	90.487	388.006	96.888
0	89.766	388.115	96.930
0	90.156	388.295	96.972
0	90.578	388.465	97.014
0	90.323	387.623	97.055
0	91.057	387.755	97.097
0	90.817	387.874	97.139
0	90.577	387.995	97.180
0	90.349	388.156	97.222
0	91.140	388.351	97.264
0	91.035	387.651	97.306
0	91.075	387.853	97.347
0	91.208	388.075	97.389
0	91.305	388.269	97.431
0	91.397	388.638	97.472
0	91.494	388.006	97.514
0	90.671	388.375	97.556
0	90.825	387.753	97.597
0	90.746	388.324	97.639
0	90.674	388.840	97.681
0	90.577	388.439	97.723
0	90.539	388.063	97.764
0	90.523	388.696	97.806
0	90.702	388.374	97.848
0	90.881	388.248	97.889
0	91.081	388.978	97.931
0	91.260	388.829	97.973
0	91.423	388.670	98.015
0	90.600	388.513	98.056
0	90.739	388.323	98.098
0	90.884	389.120	98.140
0	91.175	388.921	98.181
0	91.390	388.870	98.223
0	91.574	388.803	98.265
0	90.824	388.802	98.307
0	91.033	388.812	98.348
0	91.220	388.891	98.390
0	91.271	389.063	98.432
0	91.281	389.216	98.473
0	91.303	389.368	98.515
0	91.312	388.570	98.557
0	91.334	388.771	98.599
0	91.350	388.976	98.640
0	91.358	389.168	98.682
0	91.392	389.363	98.724
0	91.448	388.591	98.765
0	90.538	388.792	98.807
0	90.637	389.242	98.849
0	90.746	389.697	98.890
0	90.883	389.453	98.932
0	91.200	389.209	98.974
0	91.793	389.959	99.016
0	91.424	389.717	99.057
0	90.999	389.631	99.099
0	91.564	389.548	99.141
0	91.187	389.522	99.182
0	91.689	389.459	99.224
0	91.102	389.642	99.266
0	91.460	389.815	99.308
0	90.650	389.983	99.349
0	90.792	390.120	99.391
0	90.899	390.387	99.433
0	91.004	389.682	99.474
0	90.983	390.206	99.516
0	90.917	390.703	99.558
0	90.878	390.435	99.599
0	90.845	390.186	99.641
0	90.914	390.919	99.683
0	90.898	390.600	99.725
0	90.594	390.329	99.766
0	90.255	391.004	99.808
0	90.821	390.703	99.850
0	90.290	390.475	99.891
0	90.677	390.296	99.933
0	89.877	391.125	99.975
0	90.051	390.978	100.017
0	90.006	390.866	100.058
0	89.734	390.925	100.100
0	89.248	391.053	100.142
0	89.650	391.236	100.183
0	88.908	391.415	100.225
0	88.807	390.710	100.267
0	88.856	391.030	100.309
0	88.922	391.307	100.350
0	89.005	391.625	100.392
0	89.058	391.074	100.434
0	89.094	391.477	100.475
0	89.131	390.928	100.517
0	89.010	391.210	100.559
0	88.815	391.365	100.600
0	88.605	390.451	100.642
0	88.509	390.403	100.684
0	88.534	390.305	100.726
0	88.522	391.144	100.767
0	88.672	390.904	100.809
0	88.832	390.580	100.851
0	88.990	390.133	100.892
0	89.242	390.480	100.934
0	89.491	389.744	100.976
0	89.175	389.657	101.018
0	89.855	389.581	101.059
0	89.596	389.297	101.101
0	89.297	389.874	101.143
0	89.827	389.454	101.184
0	89.329	389.179	101.226
0	89.669	389.953	101.268
0	89.096	389.758	101.310
0	89.509	389.585	101.351
0	89.271	389.274	101.393
0	89.876	389.592	101.435
0	89.560	389.129	101.476
0	89.640	389.503	101.518
0	89.598	388.869	101.560
0	89.730	389.010	101.602
0	89.802	389.173	101.643
0	89.954	389.261	101.685
0	90.084	389.371	101.727
0	90.158	388.410	101.768
0	90.362	388.566	101.810
0	90.525	388.579	101.852
0	89.818	388.633	101.893
0	90.075	388.701	101.935
0	90.552	388.913	101.977
0	90.065	389.020	102.019
0	90.410	389.035	102.060
0	89.657	388.800	102.102
0	89.723	388.321	102.144
0	89.870	388.677	102.185
0	89.820	387.879	102.227
0	89.601	387.903	102.269
0	89.429	387.889	102.311
0	88.977	387.545	102.352
0	89.503	387.234	102.394
0	89.098	387.837	102.436
0	89.466	387.566	102.477
0	89.119	387.208	102.519
0	89.736	387.793	102.561
0	89.361	387.510	102.602
0	89.973	387.302	102.644
0	89.598	387.944	102.686
0	89.159	387.702	102.728
0	89.764	387.466	102.769
0	89.101	387.114	102.811
0	89.399	387.657	102.853
0	89.513	387.104	102.894
0	88.688	387.457	102.936
0	88.699	386.661	102.978
0	88.474	386.755	103.020
0	88.039	386.714	103.061
0	88.523	386.624	103.103
0	88.027	386.555	103.145
0	88.514	386.319	103.186
0	88.046	387.008	103.228
0	88.572	386.615	103.270
0	88.120	386.143	103.312
0	88.638	386.628	103.353
0	88.269	386.142	103.395
0	88.918	386.536	103.437
0	88.578	385.906	103.478
0	88.269	386.357	103.520
0	88.928	385.804	103.562
0	88.575	386.222	103.603
0	88.226	386.551	103.645
0	88.601	385.959	103.687
0	87.970	386.199	103.729
0	88.193	386.397	103.770
0	88.388	385.618	103.812
0	88.569	385.800	103.854
0	88.019	385.972	103.895
0	88.421	386.132	103.937
0	87.669	386.260	103.979
0	87.774	386.364	104.021
0	87.876	385.480	104.062
0	87.924	385.613	104.104
0	87.975	385.706	104.146
0	88.265	385.804	104.187
0	88.621	385.732	104.229
0	88.017	385.733	104.271
0	88.450	385.719	104.313
0	87.937	385.730	104.354
0	88.459	385.663	104.396
0	88.032	385.650	104.438
0	88.785	385.663	104.479
0	88.768	385.675	104.521
0	88.642	385.631	104.563
0	88.531	385.590	104.605
0	88.462	385.491	104.646
0	88.372	385.396	104.688
0	89.233	385.315	104.730
0	89.016	386.248	104.771
0	88.826	386.180	104.813
0	88.540	386.124	104.855
0	88.189	386.082	104.896
0	88.687	386.034	104.938
0	88.213	385.990	104.980
0	88.402	385.949	105.022
0	88.572	385.901	105.063
0	87.725	385.882	105.105
0	87.842	385.771	105.147
0	87.884	385.739	105.188
0	87.915	385.699	105.230
0	87.960	385.601	105.272
0	87.981	385.404	105.314
0	87.965	385.266	105.355
0	87.833	386.084	105.397
0	87.759	385.987	105.439
0	87.603	385.891	105.480
0	87.449	385.802	105.522
0	87.406	385.702	105.564
0	88.324	385.613	105.605
0	88.265	385.518	105.647
0	88.228	385.430	105.689
0	88.374	385.350	105.731
0	88.423	385.270	105.772
0	87.494	386.167	105.814
0	87.561	386.078	105.856
0	87.569	386.089	105.897
0	87.540	386.175	105.939
0	87.723	386.277	105.981
0	87.905	386.348	106.023
0	88.317	386.446	106.064
0	88.686	385.576	106.106
0	88.363	385.686	106.148
0	88.805	385.842	106.189
0	88.534	386.155	106.231
0	88.385	386.464	106.273
0	89.222	385.800	106.315
0	89.088	386.066	106.356
0	88.943	386.327	106.398
0	88.926	386.474	106.440
0	88.701	385.640	106.481
0	88.504	385.776	106.523
0	88.299	385.928	106.565
0	89.066	386.062	106.606
0	88.601	386.271	106.648
0	88.166	386.364	106.690
0	88.839	385.525	106.732
0	88.465	385.621	106.773
0	87.962	385.740	106.815
0	88.465	385.833	106.857
0	87.951	385.961	106.898
0	88.428	386.051	106.940
0	87.902	386.138	106.982
0	88.099	386.196	107.024
0	88.304	386.414	107.065
0	88.775	385.658	107.107
0	88.257	385.937	107.149
0	88.706	386.201	107.190
0	88.171	386.475	107.232
0	88.590	385.773	107.274
0	88.047	386.071	107.316
0	88.358	386.377	107.357
0	88.724	385.794	107.399
0	88.076	386.284	107.441
0	88.437	386.743	107.482
0	87.806	386.212	107.524
0	88.041	386.671	107.566
0	88.231	386.080	107.608
0	88.383	386.493	107.649
0	88.501	385.892	107.691
0	87.488	386.389	107.733
0	87.360	385.965	107.774
0	88.356	386.565	107.816
0	88.390	386.166	107.858
0	88.362	386.778	107.899
0	88.382	386.426	107.941
0	88.227	386.203	107.983
0	88.105	386.924	108.025
0	87.975	386.687	108.066
0	87.943	386.498	108.108
0	88.107	386.311	108.150
0	88.259	387.064	108.191
0	88.473	386.833	108.233
0	87.726	386.622	108.275
0	87.972	386.429	108.317
0	88.537	386.110	108.358
0	88.137	386.751	108.400
0	88.769	386.286	108.442
0	88.722	386.763	108.483
0	88.698	386.281	108.525
0	88.939	386.827	108.567
0	89.270	386.394	108.608
0	89.600	385.955	108.650
0	89.067	386.466	108.692
0	89.638	385.788	108.734
0	89.270	386.124	108.775
0	89.771	386.446	108.817
0	89.078	385.765	108.859
0	89.349	386.024	108.900
0	89.420	386.283	108.942
0	88.349	386.384	108.984
0	89.234	385.545	109.026
0	89.134	385.676	109.067
0	88.915	385.748	109.109
0	88.576	385.791	109.151
0	88.063	385.868	109.192
0	88.415	385.918	109.234
0	87.807	385.973	109.276
0	88.156	386.026	109.318
0	88.504	386.081	109.359
0	88.158	386.138	109.401
0	88.651	386.173	109.443
0	88.114	386.210	109.484
0	88.528	386.247	109.526
0	87.972	386.182	109.568
0	88.377	386.127	109.609
0	88.530	386.001	109.651
0	87.747	385.907	109.693
0	87.945	385.787	109.735
0	87.962	385.543	109.776
0	87.911	385.258	109.818
0	87.931	385.924	109.860
0	87.959	385.546	109.901
0	87.984	385.177	109.943
0	87.998	385.510	109.985
0	88.086	384.881	110.027
0	88.158	385.204	110.068
0	88.280	385.516	110.110
0	88.512	384.759	110.152
0	87.762	384.964	110.193
0	87.787	385.107	110.235
0	87.883	385.255	110.277
0	87.999	385.363	110.319
0	88.104	384.512	110.360
0	88.193	384.595	110.402
0	88.290	384.691	110.444
0	88.613	384.667	110.485
0	87.947	384.646	110.527
0	88.272	384.451	110.569
0	88.593	384.282	110.611
0	88.009	384.903	110.652
0	88.322	384.518	110.694
0	88.614	384.132	110.736
0	87.825	384.664	110.777
0	88.027	384.197	110.819
0	87.987	384.612	110.861
0	87.959	383.995	110.902
0	87.953	384.262	110.944
0	87.953	384.433	110.986
0	87.950	383.640	111.028
0	87.970	383.786	111.069
0	88.052	383.944	111.111
0	88.122	383.872	111.153
0	88.137	383.849	111.194
0	88.106	383.750	111.236
0	88.058	383.681	111.278
0	87.955	383.469	111.320
0	88.019	383.337	111.361
0	88.063	384.083	111.403
0	88.161	383.773	111.445
0	88.265	383.211	111.486
0	88.370	383.596	111.528
0	88.497	382.753	111.570
0	87.666	382.771	111.611
0	87.757	382.675	111.653
0	88.058	382.533	111.695
0	88.380	382.197	111.737
0	88.801	382.605	111.778
0	88.245	381.775	111.820
0	88.920	381.834	111.862
0	88.501	381.500	111.903
0	88.042	380.938	111.945
0	88.717	381.079	111.987
0	88.232	380.948	112.029
0	88.643	380.504	112.070
0	88.213	379.540	112.112
0	88.851	379.106	112.154
0	88.508	379.106	112.195
0	88.258	378.411	112.237
0	89.049	377.027	112.279
0	88.837	376.618	112.321
0	88.567	375.513	112.362
0	88.428	374.547	112.404
0	88.139	373.951	112.446
0	88.679	373.731	112.487
0	88.431	373.033	112.529
0	88.002	372.930	112.571
0	88.359	372.802	112.612
0	88.556	372.388	112.654
0	87.964	371.698	112.696
0	88.176	371.552	112.738
0	88.477	371.046	112.779
0	87.597	370.931	112.821
0	87.498	370.507	112.863
0	87.468	369.634	112.904
0	87.256	369.176	112.946
0	87.958	368.870	112.988
0	88.172	368.077	113.030
0	88.773	367.305	113.071
0	88.078	367.283	113.113
0	88.367	366.687	113.155
0	88.293	365.615	113.196
0	88.441	364.955	113.238
0	87.617	364.674	113.280
0	87.677	363.680	113.322
0	87.893	363.037	113.363
0	88.017	362.745	113.405
0	88.220	361.933	113.447
0	88.210	361.474	113.488
0	88.417	360.513	113.530
0	87.730	359.960	113.572
0	87.941	360.046	113.614
0	88.242	359.700	113.655
0	88.624	358.795	113.697
0	88.018	358.376	113.739
0	88.736	357.513	113.780
0	88.660	357.196	113.822
0	88.731	357.450	113.864
0	88.488	356.232	113.905
0	88.293	356.441	113.947
0	88.449	355.195	113.989
0	87.541	355.251	114.031
0	87.317	354.632	114.072
0	88.082	353.530	114.114
0	87.681	352.773	114.156
0	87.002	352.694	114.197
0	87.238	352.052	114.239
0	87.255	351.888	114.281
0	87.317	351.270	114.323
0	87.361	351.121	114.364
0	87.514	350.386	114.406
0	86.405	348.839	114.448
0	87.181	348.753	114.489
0	86.810	348.022	114.531
0	86.394	347.744	114.573
0	86.995	347.130	114.614
0	86.728	347.013	114.656
0	86.226	346.431	114.698
0	86.569	345.464	114.740
0	85.682	345.013	114.781
0	85.594	344.805	114.823
0	85.188	344.273	114.865
0	85.329	344.171	114.906
0	85.151	343.556	114.948
0	84.439	342.430	114.990
0	83.496	342.035	115.032
0	83.346	342.001	115.073
0	84.189	341.454	115.115
0	83.536	340.439	115.157
0	82.999	340.021	115.198
0	83.374	339.819	115.240
0	83.400	339.095	115.282
0	83.156	338.940	115.324
0	82.916	338.436	115.365
0	82.683	337.384	115.407
0	82.244	336.889	115.449
0	82.491	336.815	115.490
0	81.720	336.312	115.532
0	81.721	336.238	115.574
0	81.516	336.037	115.615
0	81.331	335.607	115.657
0	81.828	334.881	115.699
0	81.319	334.872	115.741
0	81.576	334.565	115.782
0	80.813	333.874	115.824
0	80.999	333.967	115.866
0	80.841	333.491	115.907
0	80.671	332.791	115.949
0	80.327	332.386	115.991
0	80.309	331.607	116.033
0	79.938	331.311	116.074
0	79.036	331.424	116.116
0	78.884	329.895	116.158
0	78.096	329.912	116.199
0	78.085	329.406	116.241
0	78.064	328.538	116.283
0	77.591	327.950	116.325
0	76.686	327.896	116.366
0	76.751	327.084	116.408
0	76.403	326.758	116.450
0	76.710	325.987	116.491
0	75.815	325.797	116.533
0	75.673	324.844	116.575
0	75.290	324.224	116.617
0	75.594	323.790	116.658
0	74.977	322.719	116.700
0	75.229	321.751	116.742
0	75.181	321.125	116.783
0	74.988	320.787	116.825
0	74.561	319.845	116.867
0	73.771	318.942	116.908
0	73.715	318.460	116.950
0	73.512	317.049	116.992
0	72.736	316.940	117.034
0	72.694	315.991	117.075
0	72.174	315.243	117.117
0	72.190	314.534	117.159
0	71.774	313.065	117.200
0	70.920	312.705	117.242
0	70.823	311.503	117.284
0	69.850	310.301	117.326
0	69.474	310.189	117.367
0	68.385	309.239	117.409
0	68.684	308.658	117.451
0	72.399	303.906	117.492
0	72.079	303.148	117.534
0	70.824	302.382	117.576
0	69.284	301.354	117.617
0	69.284	301.354	117.659
0	69.284	301.354	117.701
0	69.284	301.354	117.743
0	69.284	301.354	117.784
0	69.284	301.354	117.826
0	69.284	301.354	117.868
0	69.284	301.354	117.909
0	69.284	301.354	117.951
0	69.284	301.354	117.993
0	69.284	301.354	118.035
0	69.284	301.354	118.076
0	69.284	301.354	118.118
0	69.284	301.354	118.160
0	69.284	301.354	118.201
0	69.284	301.354	118.243
0	69.284	301.354	118.285
0	54.735	292.562	118.327
0	53.405	292.331	118.368
0	52.127	292.217	118.410
0	50.767	292.505	118.452
