0	None	0	0.0	1.0
0	211.5, F	32.565	1.0	
0	200.2, F	22.835	2.0	
0	213.2, F	17.678	3.0	
0	237.7, F	21.564	4.0	
0	250.5, F	23.75	5.0	
0	245.0, F	26.401	6.0	
0	250.9, F	29.902	7.0	
0	289.0, F	13.501	8.0	
0	239.8, F	42.101	9.0	
0	250.9, F	31.744	10.0	
0	254.1, F	25.416	11.0	
0	297.1, F	18.777	12.0	
0	340.1, F	25.258	13.0	
0	357.2, F	27.021	14.0	
0	354.8, F	25.294	15.0	
0	353.7, F	25.786	16.0	
0	358.3, F	23.73	17.0	
0	359.3, F	4.928	18.0	
0	352.4, F	44.654	19.0	
0	351.3, F	19.675	20.0	
0	239.0, F	5.521	21.0	
0	165.4, F	22.252	22.0	
0	178.2, F	29.6	23.0	
0	170.4, F	29.596	24.0	
0	169.0, F	31.98	25.0	
0	169.9, F	27.703	26.0	
0	185.7, F	26.886	27.0	
0	208.0, F	26.989	28.0	
0	254.4, F	28.316	29.0	
0	None	0	30.0	1.0
0	254.9, F	28.272	31.0	
0	248.5, F	52.606	32.0	
0	226.3, F	30.237	33.0	
0	222.3, F	29.961	34.0	
0	227.1, F	28.665	35.0	
0	235.1, F	19.291	36.0	
0	225.7, F	14.374	37.0	
0	25.8, F	7.511	38.0	
0	12.0, F	19.365	39.0	
0	16.3, F	16.8	40.0	
0	21.7, F	18.976	41.0	
0	17.7, F	12.289	42.0	
0	308.8, F	14.942	43.0	
0	333.6, F	4.694	44.0	
0	14.5, F	3.156	45.0	
0	None	0	46.0	1.0
0	162.1, F	10.098	47.0	
0	178.5, F	28.499	48.0	
0	204.2, F	30.732	49.0	
0	221.2, F	34.338	50.0	
0	232.5, F	34.532	51.0	
0	241.0, F	34.874	52.0	
0	247.7, F	34.407	53.0	
0	262.9, F	18.116	54.0	
0	209.8, F	55.728	55.0	
0	201.8, F	36.419	56.0	
0	202.7, F	36.388	57.0	
0	208.0, F	38.368	58.0	
0	211.7, F	27.679	59.0	
0	242.7, F	15.24	60.0	
0	36.1, F	19.501	61.0	
0	30.2, F	32.83	62.0	
0	31.3, F	37.84	63.0	
0	25.6, F	35.577	64.0	
0	26.2, F	32.109	65.0	
0	22.5, F	30.107	66.0	
0	4.0, F	25.183	67.0	
0	331.5, F	12.93	68.0	
0	327.8, F	19.622	69.0	
0	336.0, F	33.98	70.0	
0	1.4, F	33.887	71.0	
0	338.7, F	11.915	72.0	
0	8.3, F	26.008	73.0	
0	339.0, F	25.31	74.0	
0	304.4, F	23.615	75.0	
0	261.4, F	28.335	76.0	
0	232.9, F	7.381	77.0	
0	None	0	78.0	
0	None	0	79.0	2.0
0	201.9, F	7.233	80.0	
0	None	0	81.0	1.0
0	195.3, F	2.666	82.0	
0	None	0	83.0	
0	None	0	84.0	
0	None	0	85.0	
0	None	0	86.0	
0	None	0	87.0	
0	None	0	88.0	
0	None	0	89.0	
0	None	0	90.0	
0	None	0	91.0	
0	None	0	92.0	
0	None	0	93.0	
0	None	0	94.0	
0	None	0	95.0	
0	None	0	96.0	
0	None	0	97.0	
0	None	0	98.0	
0	None	0	99.0	
0	None	0	100.0	
0	None	0	101.0	19.0
0	215.1, F	2.768	102.0	
0	None	0	103.0	
0	None	0	104.0	
0	None	0	105.0	
0	None	0	106.0	
0	None	0	107.0	
0	None	0	108.0	
0	None	0	109.0	
0	None	0	110.0	8.0
0	174.0, F	2.707	111.0	
0	180.3, F	12.871	112.0	
0	182.8, F	12.842	113.0	
0	197.0, F	13.821	114.0	
0	F	10.904	115.0	
0	207.3, F	16.507	116.0	
0	192.5, F	15.964	117.0	
